0 70 432
480 77,73 912
960 75,72 1392
1440 80,75,72 1872
1920 77,73,70 2352
2400 70 2616
2640 75,70 3072
3120 70 3336
3360 73 3468
3480 72 3588
3600 75 3816
3840 77,70 4272
4320 78,77,73 4746
4746 77 4752
4800 75,70 5232
5280 80,75,72 5604
5640 90,82,77,73 6624
6639 89 6666
6666 85 6693
6720 90,80 7146
7146 89 7152
7173 85 7200
7200 90,80 7626
7626 89 7632
7653 85 7680
7680 80 9480
9480 73 9588
9600 72 11328
11520 70,61 11952
12000 77,73,70 12216
12240 77 12456
12480 75,72,68 12507
12510 77 12537
12540 75 12918
12960 73 13176
13200 72 13416
13440 77,73,70 13656
13680 73 13896
13920 75,72,68 13947
13950 73 13977
13980 72 14142
14160 68 14376
14400 65,61,60 14832
14880 65 15096
15120 70,68,65,61 15336
15360 73 15711
16080 73,70 16296
16320 75,72,68 16536
16560 75 16587
16590 77 16617
