44820 85 44982
45000 80 45216
45240 82,77,75,73 45456
45600 82,77,73 45816
45840 80,72 46056
46080 78,70 46296
46320 80,72 46428
46440 82,73 46656
46680 85,80,77 47004
47013 82 47040
47040 85,75 47472
47520 84,77,75 47547
47550 85 47577
47580 84 47958
48000 82,77,75 48432
48480 72,63 48912
48960 74 49392
49440 77 49656
49680 78 49896
49920 80,73,71 50136
50160 78 50268
50280 78 50496
50520 77 50736
50760 77 50976
51000 68 51360
51360 73 51576
51600 80 51816
51840 80,73,70 52056
52080 78 52188
52200 78 52416
52440 77 52656
52680 73 52896
52920 68 53028
53040 66 53148
53160 73 53268
53280 73 53334
53340 80 53448
53460 78 53622
53640 73 53748
53760 78 53976
54000 76 54108
54120 76 54336
54360 75 54576
54600 75 54816
54840 73 55164
55200 73 55362
55380 75 55542
55560 75 55668
55680 75 56112
56160 75 56268
