35040 77,68 35148
35220 80,70 35328
35400 75,73 35508
35520 72,68 35952
36000 75,68 36216
36240 77,73 36456
36480 80,77,72 36696
36720 75,68 36936
36960 75,68 37068
37140 77,73 37248
37320 70,65 37656
37680 82 37896
37920 75,73 38028
38040 77 38148
38160 80,77 38268
38280 82 38388
38400 77,73,70 38616
38640 77,73 38856
38880 77,73,70 38988
39060 85,77 39222
39240 84,75 39348
39360 75,72,68 39468
39480 80,75,72,68 39804
40080 75,73,68,65 40296
40560 73 40668
40680 73 40788
40800 73,65 40962
40980 75,68 41142
41160 77,72,69 41268
41280 77 41388
41400 81 41508
41520 84 41628
41640 89,77,69 41868
41880 87 41988
42000 85,80,72 42108
42120 84 42228
42240 82,77,73 42456
42480 77 42696
42720 77,68 42828
42900 80,70 43008
43080 75,73 43188
43200 72,68 43632
43680 75,68 43896
43920 77,72,68 44136
44160 80,72,68 44268
44280 75 44388
44400 77 44508
44520 80 44628
44640 82 44694
44700 84 44808
