66600 89,69,60 66708
66720 77,72,69 66828
66840 87 66948
66960 85,80,77,72 67068
67080 84 67188
67200 82,77,73,70 67416
67440 77,73,70,65 67656
67680 77,73,70,65 67842
67860 80,68 68022
68040 75,63 68148
68160 72,68,63 68592
68640 75,63 68856
68880 77,75,72,68,65 69096
69120 80 69147
69240 75 69348
69360 77 69468
69480 80 69588
69600 84 69762
69780 85 69942
69960 80 70176
70200 82,77,73 70416
70560 82,77,73 70776
70800 80,72 71016
71040 78,70 71256
71280 80,72 71388
71400 82,73 71616
71640 85,80,77 71964
71973 82 72000
72000 85,80,75 72432
72480 84,77,75 72912
72960 82,77,75 73392
73440 77,75 73548
73560 80 73668
73680 85 73788
73800 82 74124
74160 80 74376
74400 77 74616
74640 75 74856
74880 82,77,73 75096
75120 66 75228
75240 80,73 75600
75600 77,73 75627
75630 78 75657
75660 77 75768
75840 75,72 76164
76200 77,72 76524
76560 82,80,75 76587
76590 83 76617
76620 82 76728
76800 80,75 77160
