56280 80 56388
56400 84 56508
56520 87 56628
56640 92,87,85 56748
56760 80 56868
56880 84 56988
57000 75 57108
57120 73,72 57228
57240 75 57564
57600 82,77 57708
57720 77 57828
57840 82,77 57948
57960 77 58068
58080 82,77 58188
58200 77 58308
58320 89,84,82,77 58536
58560 89,84,81,77 58992
59040 89 59256
59280 92,89,85 59496
59520 94 59682
59760 89 59976
60000 89 60162
60180 92 60342
60360 87 60912
60960 87 61176
61200 89 61416
61440 92 61656
61680 87 61896
61920 87 62082
62100 89 62262
62280 82 62832
62880 89 63096
63120 92,89,85 63336
63360 94 63522
63600 89 63708
63720 82 63828
63840 89 64002
64020 97 64182
64200 96 64524
64560 92,84 64776
64800 87,80 65016
65040 85 65256
65280 87,80 65496
65520 85,77 65628
65640 85,77 65856
65880 87,80 66096
66120 89,84,81 66228
66240 89,84,81 66348
66360 81,60 66468
66480 84,65,57 66588
