16620 75 16782
16800 73 17016
17040 75,73,72,68 17256
17280 77 17658
18000 75 18147
18150 77 18177
18180 75 18207
18210 73 18237
18240 77,75,73,69 18672
18720 77,73,69 19152
19200 77,70,65 19632
19680 77,73,70 19896
19920 77 20136
20160 75,72,68 20187
20190 77 20217
20220 75 20598
20640 73 20856
20880 80,72 21096
21120 70,66 21336
21360 73 21576
21600 73 21627
21630 75 21657
21660 73 21822
21840 75,72 22056
22080 77,68 22512
22560 65 22776
22800 68 23016
23040 70 23067
23070 72 23097
23100 70 23127
23130 68 23157
23160 70 23712
23760 77,70 23868
23880 73 23988
24000 75,72 24216
24240 73 24348
24360 72 24468
24480 72 24534
24540 73,70 24648
24720 72,68 24936
24960 70,68 25176
25200 80 25416
25440 77 25548
25560 68 25668
25680 75 25788
25800 77 25908
25920 73 26028
26040 75 26148
26160 72 26268
26280 73 26388
