77160 84,75 77520
77520 75 77628
77640 77 77748
77760 73 77868
77880 85,77 78096
78120 84,75 78336
78360 80,72 78468
78480 104 78588
78600 92 78936
78960 75 79068
79080 73 79404
79440 80 79548
79560 80 79884
79920 75 80028
80040 73 80364
80400 80,73 80586
80586 75 80613
80613 80 80616
80640 75,65 80748
80760 73 80868
80880 75 80988
81000 75,68,63 81216
81360 80,72 81468
81480 80,72 81696
81720 84,75 81936
81960 92,84 82320
82320 92,84 82428
82440 92,84 82548
82560 92,84 82884
82920 94,85 83352
83400 92,84 83508
83520 92,84 83844
83880 90,84 84204
84240 89,84 84348
84360 87 84468
84480 87 84588
84600 85 84708
84720 84 84828
84840 85 85056
85080 80 85296
85320 77 85536
85560 75 85776
85800 80 86016
86040 77,73 86364
86373 75 86400
86400 73 87048
87120 66 87228
87240 73,70,68 87456
87480 85,82,80 87696
87720 85,82,80 87828
