26400 77,73,70 26616
26640 78,77,73,73,70,70 26856
27360 70 27468
27480 73 27588
27600 75 27708
27720 77 27828
27840 78,75 28056
28080 94,82 28296
28320 92,80 28347
28350 82 28377
28380 80 28542
28560 75 28776
28800 77 28908
28920 75 29028
29040 77,72 29376
29400 72 29508
29520 73 29628
29640 75 29748
29760 77 29976
30000 92,80 30216
30240 90,78 30267
30270 80 30297
30300 78 30462
30480 77 30696
30720 75 30828
30840 77 30867
30870 75 30897
30900 73 30927
30930 75 31392
31440 71 31548
31560 73 31668
31680 75 31896
31920 78 32136
32160 77 32187
32190 78 32217
32220 77 32382
32400 75 32616
32640 75,69 32964
33000 77,72 33108
33120 63 33228
33240 65 33348
33360 69 33468
33480 72 33588
33600 84,81,75 33708
33720 77 33828
33840 81 33948
33960 84 34068
34080 77,72,69 34296
34320 82,80,77,77,73,72 34536
34800 77 35016
