135784 82,79,77 136216
136504 82,77 136720
136744 81,77 136960
136984 82 137092
137104 77,72 137440
137464 82 137680
137704 81,77 137920
137944 82 138160
138424 82,77 138640
138664 81,77 138880
138904 82,77 139012
139024 89,82,77 139132
139384 87,81 139600
139624 86,81 139840
139864 84,81 140080
140344 82,77 140560
140584 81,77 140800
140824 82,77 140932
140944 84,77 141280
141304 87 141520
141544 86 141760
141784 82,0,0,0,0,0,0,0,0,0,0,0,0,0,0,0,0,0,0,0,0,0,0,0 143752
144184 82 144292
144304 74 144412
144424 81 144532
144544 74 144652
144664 82 144772
144784 74 144892
144904 77 145012
145024 72 145132
145144 82 145252
145264 72 145372
145384 81 145492
145504 72 145612
145624 82 145732
145744 72 145972
145984 74 146092
146104 82 146212
146224 74 146332
146344 81 146452
146464 74 146572
146584 82 146692
146704 74 146812
146824 89 146932
146944 72 147052
147064 87 147172
147184 72 147292
147304 86 147412
147424 72 147532
147544 84 147652
