155944 69,65 156160
156184 70,65 156400
156424 72,65 156640
156664 75,65 156880
156904 74,65 157120
157144 70,65 157600
157624 65 157732
157744 69 157852
157864 70 157972
157984 65 158092
158104 69 158212
158224 70 158332
158344 74 158452
158464 70 158572
158584 72 158692
158704 74 158812
158824 77 158932
158944 70 159052
159064 74 159172
159184 77 159292
159424 82,77 159748
159784 81,77 160000
160024 82,77 160240
160264 77,72 160480
160504 82,77 160720
160744 81,77 160960
160984 82,77 161200
161344 82,77 161668
161704 81,77 161920
161944 82,77 162160
162184 89,77 162400
162424 87,77 162640
162664 86,77 162880
162904 84,77 163120
163264 82,77 163588
163624 81 163840
163864 82,77 164080
164104 77 164320
164344 82,77 164560
164584 84,77 164800
164824 82,77 165040
165064 87 165172
165184 77 165292
165304 82 165412
165424 87 165532
165544 86 165652
165664 77 165772
165784 82 165892
165904 86 166012
166024 84 166132
