109188 82 109644
109668 80 109884
109908 79 110124
110148 80 110256
110268 75 110604
110628 79 110844
110868 80 111084
111108 82 111324
111348 85 111456
111468 75 111576
111588 80 111696
111708 85 111816
111828 84 111936
111948 75 112056
112068 80 112176
112188 84 112296
112308 82 112416
112428 75 112536
112548 79 112656
112668 82 112776
112788 80 112896
112908 75 113016
113028 79 113136
113148 80 113256
113508 80 113724
113748 80 113964
113988 80 114096
114108 80 114444
114468 79 114684
114708 75 114924
114948 80 115404
115428 80 115644
115668 79 115884
115908 80 116016
116028 87 116364
116388 85 116604
116628 84 116844
116868 82 117324
117348 80 117564
117588 79 117804
117828 80 117936
117948 82 118284
118308 85 118524
118548 84 118764
118788 81,80,78,74 119004
119488 66,0,0,0,0 119704
119728 69 119944
119968 71,68,64 120832
121168 81 121384
121408 80 121624
