36720 80 36936
36960 81 37176
37200 83 37416
37440 86 37656
37680 85 37896
37920 83 38136
38160 81 38616
38640 81 38856
38880 80 39096
39120 81 39336
39360 76 39576
39600 81 39816
39840 80 39948
39960 81 40068
40080 76 40536
40560 81 40776
40800 80 41016
41040 81 41256
41280 76 41496
41520 81 41736
41760 80 41868
41880 81 41988
42000 88 42456
44400 71 44616
44640 76 44856
44880 80 45096
45120 81,76 45336
45360 83,76 45576
45600 85,76 45816
45840 86,76,0,0,0,0,0,0,0 46296
46320 81 46536
46560 81 46776
46800 81 46908
46920 81 47028
47040 81 47256
47280 80 47496
47520 76 47736
47760 81 48216
48240 80 48456
48480 80 48696
48720 81 48828
48840 88 49176
49200 86 49416
49440 85 49656
49680 83 50136
50160 81 50376
50400 80 50616
50640 81 50748
50760 76 51096
51120 80 51336
