121648 81 121756
121768 76 122104
122128 81 122344
122368 80 122584
122608 81 122824
123088 93 123304
123328 92 123544
123568 93 123676
123688 88 124024
124048 93 124264
124288 92 124504
124528 93 124744
125008 81 125224
125248 80 125464
125488 81 125596
125608 76 125944
125968 81 126184
126208 80 126424
126448 81 126664
126928 93 127144
127168 92 127384
127408 93 127516
127528 88 127864
127888 97 128104
128128 95 128344
128368 97 128584
128824 82,77 129040
129064 81,77 129280
129304 82 129412
129424 77,72 129760
129784 82 130000
130024 81,77 130240
130264 82 130480
130744 82,77 130960
130984 81,77 131200
131224 82,77 131332
131344 89,82,77 131452
131704 87 131920
131944 86 132160
132184 84 132400
132664 82,77 132880
132904 81,77 133120
133144 82 133252
133264 77,72 133600
133624 82 133840
133864 84 134080
134104 82 134320
134344 87,82,77 134776
134824 86,82,77 135256
135304 84,79,77 135736
