100560 81,73 100668
100680 88 100788
101040 81,73 101256
101280 80,71 101496
101520 81,73 101736
101760 64 101868
101880 69 101988
102000 71 102108
102120 76 102228
102240 81 102348
102360 83 102468
102480 88 102588
102600 83 102708
102720 81 102828
102840 76 102948
102960 71 103068
103080 69 103188
103200 64 103308
103320 69 103428
103440 71 103548
103560 76 103668
103668 60 103776
103788 61 103896
103908 65 104016
104028 68 104136
104148 72 104256
104268 73 104376
104388 77 104496
104508 80 104616
104628 60 104736
104748 64 104856
104868 67 104976
104988 70 105096
105108 72 105216
105228 76 105336
105348 79 105456
105468 82 105576
105828 80 106044
106068 80 106284
106308 80 106416
106428 80 106764
106788 79 107004
107028 75 107244
107268 80,0,0,0,0,0,0,0 107724
107748 79 107964
107988 79 108204
108228 80 108336
108348 87 108684
108708 85 108924
108948 84 109164
