240 64 672
720 64 1152
1200 64 1632
1680 64 1896
2160 68 2592
2640 68 3072
3120 68 3552
3600 68 3816
4080 69 4512
4560 69 4992
5040 69 5472
5520 69 5736
6000 71 6432
6480 71 7584
7920 64 8352
8400 64 8832
8880 64 9096
9120 69 9336
9360 64 9576
9840 68 10272
10320 68 10752
10800 68 11016
11040 76 11256
11280 68 11496
11760 69 12192
12240 69 12672
12720 69 12936
12960 76 13176
13200 69 13416
13680 71 13896
13920 76 14136
14160 81,71 14376
14400 80 15264
15840 69 16056
16080 69 16296
16320 69 16536
16560 64 16776
16800 68 17016
17040 69 17712
17760 69 17976
18000 69 18216
18240 69 18456
18480 64 18696
18720 71 18936
18960 69 19632
19680 69 19896
19920 69 20136
20160 69 20376
20400 64 20616
20640 69 20856
