20880 71 21552
21600 76 21816
21840 74 22272
22320 73 22752
22800 69 23472
23520 73 23736
23760 73 23976
24000 73 24216
24240 69 24456
24480 71 24696
24720 76 25392
25440 76 25656
25680 76 25896
25920 76 26136
26160 68 26376
26400 69 26616
26640 71 27312
27360 69 27576
27600 69 27816
27840 69 28056
28080 64 28296
28320 71 28536
28560 73 28776
28800 74 29232
29280 73 29496
29520 71 29736
29760 71 29976
30000 76 30216
30240 74 30456
30480 73 31152
31200 81,73 31416
31440 81,73 31656
31680 81,73 31896
31920 80 32136
32160 76 32376
32400 74 32856
32880 81 33096
33120 81,76 33336
33360 81,76 33576
33600 81,76 33816
33840 80 34056
34080 76 34296
34320 76 34776
34800 81 35016
35040 81 35256
35280 81 35496
35520 81 35736
35760 80 35976
36000 76 36216
36240 81 36696
