147664 72 147892
147904 70 148012
148024 82 148132
148144 70 148252
148264 81 148372
148384 70 148492
148504 82 148612
148624 70 148732
148744 77 148852
148864 72 148972
148984 82 149092
149104 72 149212
149224 84 149332
149344 72 149452
149464 82 149572
149584 72 149692
149704 87 149812
149824 77 149932
149944 82 150052
150064 87 150172
150184 86 150292
150304 77 150412
150424 82 150532
150544 86 150652
150664 84 150772
150784 77 150892
150904 81 151012
151024 84,0 151132
151144 82,0,0 151198
151204 81,0 151258
151264 79,0 151318
151324 77,0 151378
151384 75,0,0 151438
151444 74,0 151498
151504 72,0,0,0 151612
151744 70,65 152068
152104 69,65 152320
152344 70,65 152560
152584 65,60 152800
152824 70,65 153040
153064 69,65 153280
153304 70,65 153520
153664 70,65 153988
154024 69,65 154240
154264 70,65 154480
154504 77,72,70 154720
154744 75,72,70 154960
154984 74,70 155200
155224 72,70 155440
155584 70,65 155908
