68880 64 69096
69360 68 69792
69840 68 70272
70320 68 70536
70560 76 70776
70800 68 71016
71280 69 71712
71760 69 72192
72240 69 72456
72480 76 72696
72720 69 72936
73200 71 73416
73440 76 73656
73680 81,71 73896
73920 80 74784
75360 69 75576
75600 69 75816
75840 69 76056
76080 64 76296
76320 68 76536
76560 69 77232
77280 69 77496
77520 69 77736
77760 69 77976
78000 64 78216
78240 71 78456
78480 69 79152
79200 69 79416
79440 69 79656
79680 69 79896
79920 64 80136
80160 69 80376
80400 71 81072
81120 76 81336
81360 74 81792
81840 73 82272
82320 69 82992
83040 73 83256
83280 73 83496
83520 73 83736
83760 69 83976
84000 71 84216
84240 76 84912
84960 76 85176
85200 76 85416
85440 76 85656
85680 68 85896
85920 69 86136
86160 71 86832
86880 69 87096
