87120 69 87336
87360 69 87576
87600 64 87816
87840 71 88056
88080 73 88296
88320 74 88752
88800 73 89016
89040 71 89496
89520 76 89736
89760 74 89976
90000 73 90216
90720 81,73 90936
90960 81,73 91176
91200 81,73 91416
91440 80,71 91656
91680 76,68 91896
91920 74,66 92592
92640 81,73 92856
92880 81,73 93096
93120 81,73 93336
93360 80,71 93576
93600 76,68 93816
93840 76,68 94512
94560 81,73 94776
94800 81,73 95016
95040 81,73 95256
95280 80,71 95496
95520 76,68 95736
95760 81,73 96216
96240 80,71 96456
96480 81,73 96696
96720 83,74 96936
96960 86,78 97176
97200 85,76 97416
97440 83,74 97656
97680 85,76 97896
97920 69 98028
98040 69 98148
98160 81,73 98376
98400 80,71 98616
98640 81,73 98748
98760 69 98988
99000 69 99108
99120 81,73 99336
99360 80,71 99576
99600 81,73 99816
99840 69 99948
99960 69 100068
100080 81,73 100296
100320 80,71 100536
