51360 81 51576
51600 83 51816
51840 86 52056
52080 76 52296
52320 85 52536
52560 76 52776
52800 83,76 53016
53040 76 53256
53280 81,76 53496
53520 76 53976
54000 81 54216
54240 81 54456
54480 81 54588
54600 81 54936
54960 80 55176
55200 76 55416
55440 81 55896
55920 80 56136
56160 80 56376
56400 81 56508
56520 88 56856
56880 86 57096
57120 85 57336
57360 83 57816
57840 81 58056
58080 80 58296
58320 81 58428
58440 83 58776
58800 86 59016
59040 85 59256
59280 81,0,0,0,0,0,0,0 59736
59760 64 60192
60240 64 60672
60720 64 61152
61200 64 61416
61680 68 62112
62160 68 62592
62640 68 63072
63120 68 63336
63600 69 64032
64080 69 64512
64560 69 64992
65040 69 65256
65520 71 65952
66000 71 66432
66480 71 67128
67440 64 67872
67920 64 68352
68400 64 68616
68640 69 68856
