70240 72 70384
70400 75 70544
70560 78 70704
70720 68 70864
70880 73 71024
71040 78 71184
71200 68 71344
71360 73 71504
71520 77 71664
71680 68 71824
71840 73 71984
72000 80 72144
72160 73 72304
72320 77 72464
72480 80 72624
72640 77 72784
72800 80 72944
72960 85 73104
73120 80 73264
73280 85 73424
73440 89 73584
73600 85 73744
73760 89 73904
73920 92 74064
74080 89 74224
74240 92 74384
74400 97 76320
76320 81 76464
76480 69 76624
76640 73 76784
76800 81 76944
76960 69 77104
77120 73 77264
77280 80 77424
77440 69 77584
77600 73 77744
77760 78 77904
77920 66 78064
78080 69 78224
78240 78 78384
78400 66 78544
78560 69 78704
78720 76 78864
78880 64 79024
79040 69 79184
79200 73 79344
79360 64 79504
79520 69 79664
79680 76 79824
79840 64 79984
