80000 69 80144
80160 73 80304
80320 64 80464
80480 69 80624
80640 71 80784
80800 64 80944
80960 66 81104
81120 68 81264
81280 69 81424
81440 71 81584
81600 73 81744
81760 74 81904
81920 76 82064
82080 81 82224
82240 69 82384
82400 73 82544
82560 81 82704
82720 69 82864
82880 73 83024
83040 80 83184
83200 69 83344
83360 73 83504
83520 78 83664
83680 66 83824
83840 69 83984
84000 78 84144
84160 66 84304
84320 69 84464
84480 76 84624
84640 64 84784
84800 69 84944
84960 73 85104
85120 64 85264
85280 69 85424
85440 76 85584
85600 64 85744
85760 69 85904
85920 73 86064
86080 64 86224
86240 69 86384
86400 71 86544
86560 64 86704
86720 68 86864
86880 71 87024
87040 68 87184
87200 76 87344
87360 71 87504
87520 80 87664
87680 76 87824
87840 81 87984
