62240 69 62384
62400 78 62544
62560 66 62704
62720 69 62864
62880 76 63024
63040 64 63184
63200 69 63344
63360 73 63504
63520 64 63664
63680 69 63824
63840 76 63984
64000 64 64144
64160 69 64304
64320 73 64464
64480 64 64624
64640 69 64784
64800 71 64944
64960 64 65104
65120 68 65264
65280 74 65424
65440 64 65584
65600 68 65744
65760 73 65904
65920 61 66064
66080 68 66224
66240 71 66384
66400 61 66544
66560 66 66704
66720 69 66864
66880 61 67024
67040 66 67184
67200 68 67344
67360 61 67504
67520 66 67664
67680 69 67824
67840 63 67984
68000 66 68144
68160 73 68304
68320 63 68464
68480 66 68624
68640 78 68784
68800 69 68944
68960 73 69104
69120 81 69264
69280 72 69424
69440 75 69584
69600 80 69744
69760 72 69904
69920 75 70064
70080 78 70224
