252710 72 252926
252950 71 253166
253190 72 253406
253430 74 253646
253670 76 253886
253910 76,72 254126
254150 74,71 254366
254390 76,72 254606
254630 81,72 255062
255110 76,72 255590
255590 74,71 255806
255830 76,72 256046
256070 83,74 256502
256550 76,72 257030
257030 74,71 257246
257270 76,72 257486
257510 84,76 257726
257750 83 257804
257810 84 257864
257870 83 257978
257990 79 258206
258230 76 258446
258470 74 258686
258710 79 258926
258950 76 259004
259010 79 259064
259070 76 259394
259430 72 259910
259910 71 260126
260150 72 260366
260390 79 260822
260870 74,72 260927
260930 72 260957
260960 74 260987
260990 72 261098
261350 71 261566
261590 72 261806
261830 79 262262
262310 71,67 262526
262550 71,67 262766
262790 62 263006
263030 67 263246
263270 71 263486
263510 62 263726
263750 67 263966
263990 69,64,61 265286
265340 88,86,84,81,77 265646
265670 86 265886
265910 88 266126
266150 93 266582
