112800 83 113664
113670 80,73,71 114192
114240 80,73 114672
114720 85,73 114936
114960 76 115176
115200 78,73 115416
115440 80 115656
115680 78 116544
116640 83,79 116856
116880 81,78 117096
117120 79,74 117984
118080 74,71 118296
118320 73,69 118536
118560 71,67 118992
119040 74,71 119472
119520 66 119736
119760 73,68 119976
120000 78,73 120216
120240 73,68 120456
120480 78,73 120696
120720 83,78 120936
120960 73,68 121176
121200 83,78 121416
121440 85,80 121656
121680 90,85 121896
121920 95,90 122136
122160 97,97,95,92,90 122376
122377 102 123696
123750 78,73,71 124056
124080 76,71 124296
124320 78,74,71 124536
124560 83 124992
125040 78,74,71 125520
125520 76 125736
125760 78,74,71 125976
126000 85 126432
126480 78 126960
126960 76 127176
127200 78 127416
127440 86 127656
127680 85 127734
127740 86 127794
127800 85 127908
127920 81 128136
128160 78 128376
128400 76 128616
128640 81 128856
128880 78 129312
129360 74,71 129576
129600 66 129816
