88000 69 88144
88160 73 88304
88320 81 88464
88480 69 88624
88640 73 88784
88800 80 88944
88960 69 89104
89120 73 89264
89280 81 89424
89440 71 89584
89600 76 89744
89760 83 89904
89920 76 90064
90080 71 90224
90240 76 90384
90400 71 90544
90560 83 90704
90720 86 90864
90880 76 91024
91040 81 91184
91200 85 91344
91360 76 91504
91520 81 91664
91680 83 91824
91840 81 91984
92000 76 92144
92160 85 92304
92320 80 92464
92480 78 92624
92640 73 92784
92800 80 92944
92960 78 93104
93120 73 93264
93280 78 93424
93440 80 93584
93600 81 93744
93760 69 93904
93920 73 94064
94080 81 94224
94240 69 94384
94400 73 94544
94560 80 94704
94720 69 94864
94880 73 95024
95040 81 95184
95200 71 95344
95360 73 95504
95520 80 95664
95680 71 95824
95840 73 95984
