276912 66 276938
276939 67 276965
276966 68 276992
276994 69 277020
277021 70 277047
277048 71 277074
277075 72 277101
277103 73 277129
277130 74 277184
277184 77 277400
277424 75 277640
277664 77 277880
277904 82 278336
278384 77 278864
278864 75 279080
279104 77 279320
279344 84 279776
279824 77 280040
280064 77 280280
280304 75 280520
280544 77 280760
280784 85 281000
281024 84 281078
281084 85 281138
281144 84 281252
281264 80 281480
281504 77 281720
281744 75 281960
281984 80 282200
282224 80,77,77 282656
282704 73 283184
283184 72 283400
283424 73 283640
283664 80 284096
284144 73 284624
284624 72 284732
284744 73 284852
284864 80 285080
285104 80 285320
285344 73 285560
285584 72 285800
285824 72 286040
286064 68 286280
286304 65 286520
286544 65 286760
286784 77 287000
287024 75 287240
287264 75 287318
287324 77 287378
287384 75 287492
