210080 73 210224
210240 80 210384
210400 69 210544
210560 73 210704
210720 81 210864
210880 71 211024
211040 73 211184
211200 80 211344
211360 71 211504
211520 73 211664
211680 76 211824
211840 71 211984
212000 73 212144
212160 78 212304
212320 71 212464
212480 73 212624
212640 78 212784
212800 71 212944
212960 73 213104
213120 78 213264
213280 71 213424
213440 73 213584
213600 78 214464
214560 78 214776
214800 76 215016
215040 74,66 215472
215520 74 215952
216000 76 216216
216240 80,78,74,71 216456
216960 86 217392
217440 83 217872
217920 85,73 218352
218400 73 218832
218880 74 219096
219120 78,76,73,69 219336
219840 85 220272
220320 81 220752
220800 83,71 221232
221280 73 221712
221760 74 221976
222000 78,77,73,68 222216
222720 85,73 223152
223200 80,71 223416
223440 73 223656
223680 83,71 224112
224160 85,69 224592
224640 69 224856
224880 71,68,65 225096
225120 73 225552
225600 86 226032
