34080 64,59 34512
34560 69,61 34992
35040 68 35472
35520 64,61,57 35952
36000 64,61,57 36864
36960 64,61,57 37392
37440 64,61,57 38736
38880 59,56 40176
40320 57 40968
41040 64,57 41472
41520 69,61 41736
41760 69,61 42192
42240 68,59 42672
42720 69,64,61 43152
43155 76,74,69 44496
44550 88,86,81,76 45936
45990 97,93,88,86 48960
48960 81 49104
49120 69 49264
49280 73 49424
49440 81 49584
49600 69 49744
49760 73 49904
49920 80 50064
50080 69 50224
50240 73 50384
50400 78 50544
50560 66 50704
50720 69 50864
50880 78 51024
51040 66 51184
51200 69 51344
51360 76 51504
51520 64 51664
51680 69 51824
51840 73 51984
52000 64 52144
52160 69 52304
52320 76 52464
52480 64 52624
52640 69 52784
52800 73 52944
52960 64 53104
53120 69 53264
53280 71 53424
53440 64 53584
53600 66 53744
53760 68 53904
53920 69 54064
54080 71 54224
