241430 76,0 241502
241510 80 241582
241590 83,0 241662
241670 88,0,0,0,0,0,0,0 242318
242390 76,72 242606
242630 74,71 242846
242870 76,72 243086
243110 81,72 243542
243590 76,72 244070
244070 74,71 244286
244310 76,72 244526
244550 83,74 244982
245030 76,72 245510
245510 74,71 245726
245750 76,72 245966
245990 84,76 246206
246230 83 246284
246290 84 246344
246350 83 246458
246470 79 246686
246710 76 246926
246950 74 247166
247190 79 247406
247430 76 247484
247490 79 247544
247550 76 247910
247910 72 248390
248390 71 248606
248630 72 248846
248870 79 249302
249350 74,72 249407
249410 72 249437
249440 74 249467
249470 72 249578
249830 71 250046
250070 72 250286
250310 79 250742
250790 72 250817
250820 74 250847
250850 72 250877
250880 74 250907
250910 72 251018
251030 72 251246
251270 71 251486
251510 67 251726
251750 64 252182
252230 76 252446
252470 74 252524
252530 76 252584
252590 74 252698
