54240 73 54384
54400 74 54544
54560 76 54704
54720 81 54864
54880 69 55024
55040 73 55184
55200 81 55344
55360 69 55504
55520 73 55664
55680 80 55824
55840 69 55984
56000 73 56144
56160 78 56304
56320 66 56464
56480 69 56624
56640 78 56784
56800 66 56944
56960 69 57104
57120 76 57264
57280 64 57424
57440 69 57584
57600 73 57744
57760 64 57904
57920 69 58064
58080 76 58224
58240 64 58384
58400 69 58544
58560 73 58704
58720 64 58864
58880 69 59024
59040 71 59184
59200 64 59344
59360 68 59504
59520 71 59664
59680 68 59824
59840 76 59984
60000 71 60144
60160 80 60304
60320 76 60464
60480 81 60624
60640 69 60784
60800 73 60944
60960 81 61104
61120 69 61264
61280 73 61424
61440 80 61584
61600 69 61744
61760 73 61904
61920 78 62064
62080 66 62224
