226080 85,74,71 226512
226515 81,78 226992
227040 81 227472
227520 80 227736
227760 80,78,76,71 227976
228240 81 228456
228480 83 228912
228960 88,76,71 229392
229395 83,80 229872
229920 80 230352
230400 85 230616
230640 76 230856
230880 85,78,73 231096
231120 80 231336
231360 78 231414
231420 80 231474
231480 78 231534
231540 80 231594
231600 78 232320
232320 83,79 232536
232560 81,74 232776
232800 79,71 233664
233760 81,77 233976
234000 79,72 234216
234240 77,69 234888
234960 79,77,75,70,69 235176
235440 77,70 235656
235680 75,67 235896
236160 79,75,70 236592
236630 79,74,72,67 236846
236870 67,62,60,55 237194
237230 67,62,60,55 237338
237350 67,62,60,55 237566
237590 67,62,60,55 237914
237950 67,62,60,55 238058
238070 66,54 238286
238310 81,78,69 238634
238670 81,78,69 238778
238790 81,78,69 239006
239030 78,74,69 239246
239510 83,81,76,71 239726
239750 69,64,59 240074
240110 69,64,59 240218
240230 69,64,59 240446
240470 66,64,59 240686
240710 59,57 240926
240950 68,64,59 241166
241190 64,0 241262
241270 68,0 241342
241350 71 241422
