266630 88 268310
268310 71,67 268526
268550 72,69 268766
268790 71,67 269006
269030 72,69 269246
269270 74,71 269486
269510 76,72 269726
269750 83,72 270398
270470 79,77,76 271118
271118 88,86,84,81 271406
271430 86 271646
271670 88 271886
271910 93 272342
272390 88,0,0,0,0,0,0,0 274070
274070 95 274124
274130 96 274184
274190 95 274298
274310 91 274526
274550 86 274766
274790 84 275006
275030 83 275246
275270 79 275486
275510 74 275726
275750 72 275966
275990 71 276206
276230 41 276256
276257 42 276283
276285 43 276311
276312 44 276338
276339 45 276365
276366 46 276392
276394 47 276420
276421 48 276447
276448 49 276474
276475 50 276501
276503 51 276529
276530 52 276556
276557 53 276583
276585 54 276611
276612 55 276638
276639 56 276665
276666 57 276692
276694 58 276720
276721 59 276747
276748 60 276774
276775 61 276801
276803 62 276829
276830 63 276856
276857 64 276883
276885 65 276911
