194080 66 194224
194240 69 194384
194400 76 194544
194560 64 194704
194720 69 194864
194880 73 195024
195040 64 195184
195200 69 195344
195360 76 195504
195520 64 195664
195680 69 195824
195840 73 195984
196000 64 196144
196160 69 196304
196320 71 196464
196480 64 196624
196640 66 196784
196800 68 196944
196960 69 197104
197120 71 197264
197280 73 197424
197440 74 197584
197600 76 197744
197760 81 197904
197920 69 198064
198080 73 198224
198240 81 198384
198400 69 198544
198560 73 198704
198720 80 198864
198880 69 199024
199040 73 199184
199200 78 199344
199360 66 199504
199520 69 199664
199680 78 199824
199840 66 199984
200000 69 200144
200160 76 200304
200320 64 200464
200480 69 200624
200640 73 200784
200800 64 200944
200960 69 201104
201120 76 201264
201280 64 201424
201440 69 201584
201600 73 201744
201760 64 201904
201920 69 202064
