142800 74 143016
143040 71 143472
143520 78 143736
143760 73 144192
144240 69 144456
144480 73 144696
144720 64 144936
144960 73 145176
145200 62 145416
145440 66 145656
145680 73 145896
145920 71 146568
146640 73,65 147288
147300 69,64,61 147792
147840 68 148272
148320 64,57 148752
148770 66,61 149664
149760 66,61 150192
150240 61,57 150672
150720 62 151152
151200 64 151632
151680 59,56 152976
153060 69,64,61 153552
153600 68 154032
154080 64,57 154512
154530 66,61 155424
155520 66,61 155952
156000 61,57 156864
156960 61 157392
157440 59,56 158736
158820 69,64,61 159312
159360 68 159792
159840 64,57 160272
160275 66,64,61 161184
161280 66,64,61 161712
161760 59,56 162624
162720 62 163152
163200 61,57 163848
163920 61 164136
164160 62 164376
164400 64 164616
164640 57 165072
165120 56 165552
165600 57,54 166032
166050 64,57 166944
167040 57 167472
167520 57 167736
167760 56 167976
168000 57 168216
168240 64 168456
