202080 71 202224
202240 64 202384
202400 68 202544
202560 71 202704
202720 68 202864
202880 76 203024
203040 71 203184
203200 80 203344
203360 76 203504
203520 81 203664
203680 69 203824
203840 73 203984
204000 81 204144
204160 69 204304
204320 73 204464
204480 80 204624
204640 69 204784
204800 73 204944
204960 81 205104
205120 71 205264
205280 76 205424
205440 83 205584
205600 76 205744
205760 71 205904
205920 76 206064
206080 71 206224
206240 83 206384
206400 86 206544
206560 76 206704
206720 81 206864
206880 85 207024
207040 76 207184
207200 81 207344
207360 83 207504
207520 81 207664
207680 76 207824
207840 85 207984
208000 80 208144
208160 78 208304
208320 73 208464
208480 80 208624
208640 78 208784
208800 73 208944
208960 78 209104
209120 80 209264
209280 81 209424
209440 69 209584
209600 73 209744
209760 81 209904
209920 69 210064
