168480 68 168696
168720 71 168936
168960 76 169176
169200 80 169416
169440 81 169656
169680 88 169896
169920 92 170136
170160 93 170376
170400 100 171696
171750 81,76,73,69 172272
172320 80 172752
172800 76,73,69 173232
173235 78,76 174144
174240 78,76,73,69 174672
174720 73,69 175584
175680 76 176112
176160 71,68 177456
177540 69,64,61 178032
178080 68 178512
178560 64,57 178992
178995 66,64,61 179904
180000 66,64,61 180432
180480 61,57 180912
180960 62,59 181392
181440 64,61 181872
181920 59,56 183216
183360 57 183792
183840 56 184488
184560 64,57 184776
184800 64,57 185448
185520 68,59 186000
186000 69 186216
186240 76,69 187536
187680 76,69 188328
188400 71 189048
189120 100,93 191520
191520 73 191952
192000 81 192144
192160 69 192304
192320 73 192464
192480 81 192624
192640 69 192784
192800 73 192944
192960 80 193104
193120 69 193264
193280 73 193424
193440 78 193584
193600 66 193744
193760 69 193904
193920 78 194064
