23 69,64,61,57 432
480 68 912
960 64 1392
1440 66 2304
2400 66 2832
2880 61 3312
3360 62 3792
3840 64 4272
4320 59 5616
5715 69,64 6192
6240 68 6672
6720 64 7152
7200 66,61 8064
8160 66,61 8592
8640 61,57 9936
10080 59,56 11376
11460 69,64,61 11952
12000 68 12432
12480 64,61 12912
12960 66,61 13824
13920 64,61 14352
14400 59,56 15264
15360 62 15792
15840 61,57 16704
16800 59,56 17232
17280 57 17712
17760 56 18192
18240 57 18672
18720 64,54 19584
19680 57 20112
20160 59,57,52 21456
21600 71,69 22896
22950 81,76,73,69 23472
23520 80 23952
24000 76,73,66 24432
24435 78,76 25128
25200 69 25416
25440 78,76,73 25872
25920 73,69,64 26352
26400 74 26832
26880 76 27312
27360 71 28656
28800 69,61 29232
29280 68,61 29712
29760 64,61 30192
30240 64,61 30888
30960 64,59 31680
31680 69,64 32976
33120 61,57 33552
33600 62,59 34032
