129840 73,66 130056
130080 74,66 130296
130320 78,71 130752
130800 74,66 131016
131280 73 131496
131520 74,66 131736
131760 81 132192
132240 74 132456
132480 73 132912
132960 69 133176
133200 66 133632
133680 78 133896
133920 76 133974
133980 78 134034
134040 76 134148
134160 74 134376
134400 73 134616
134640 74 134856
134880 76 135096
135120 78 135336
135360 78,73,71 135576
135600 76,71 135816
135840 78,74,71 136056
136080 83 136512
136560 78,74,71 137040
137040 76,73 137256
137280 78,73 137496
137520 85 137952
138000 78 138480
138480 76 138696
138720 78 138936
138960 86 139176
139200 85 139254
139260 86 139314
139320 85 139428
139440 81 139656
139680 78 139896
139920 76 140136
140160 81 140376
140400 78 140472
140480 81 140552
140560 78 140632
140640 76 140856
140880 74 141096
141120 73 141336
141360 74 141576
141600 71 142032
142080 78 142296
142320 71 142536
142560 73 142776
