300224 70 300656
300704 77 301136
301184 75 301400
301424 73 301640
301664 75 302096
302144 80 302576
302624 75 302840
302864 77 303080
303104 85 303536
303584 84 304016
304064 80 304280
304304 75 304520
304544 80,77,77 304652
305744 80 306464
306464 73 306896
306944 72 307160
307184 73 307400
307424 80 307856
307904 73 308336
308384 72 308600
308624 73 308840
308864 72 309296
309344 68 309560
309584 65 309800
309824 77 310040
310064 75 310280
310304 75 310736
310784 73 311216
311264 72 311480
311504 73 311720
311744 70 312176
312224 77 312656
312704 75 312920
312944 73 313160
313184 75 313400
313424 80 313640
313664 80 314096
314144 75 314360
314384 77 314600
314624 85 315056
315104 84 315536
315584 80 315800
315824 75 316040
316064 80,77,77 316172
317024 80 317240
317264 73 317480
317504 82 317936
317984 82,73 318416
318464 80,73 318680
318704 78,75,73,68 318920
