287504 73 287720
287744 72 287960
287984 70 288092
288104 72 288212
288224 73 288332
288344 75 288452
288464 77 288680
288704 77,73 288920
288944 75,72 289160
289184 77,73 289400
289424 82,73 289856
289904 77,73 290384
290384 75,72 290600
290624 77,73 290840
290864 84,75 291296
291344 77,73 291824
291824 75,72 292040
292064 77,73 292280
292304 85,77 292520
292544 84 292760
292784 80 293000
293024 77 293240
293264 75 293480
293504 80 293720
293744 80,77,77 293960
294224 73 294440
294464 77 294572
294584 75 294692
294704 73 294812
294824 72 294932
294944 70 295424
295424 77 295640
295664 70 295880
295904 77 296012
296024 75 296132
296144 73 296252
296264 72 296372
296384 70 296864
296864 72 297080
297104 73 297320
297344 72 297560
297584 63 297800
297824 70 298040
298064 60 298280
298304 65 298520
298544 68 299024
299024 70 299240
299264 65 299744
299744 72 299960
299984 70 300200
