96000 76 96144
96160 71 96304
96320 73 96464
96480 78 96624
96640 71 96784
96800 73 96944
96960 78 97104
97120 71 97264
97280 73 97424
97440 78 97584
97600 71 97744
97760 73 97904
97920 78 98064
98080 70 98224
98240 73 98384
98400 78 98544
98560 70 98704
98720 73 98864
98880 78 99096
99120 76 99336
99360 74 100008
100080 73 100296
100320 74 100536
100560 80,78,74,71 100776
101760 74 101976
102000 71 102216
102240 73 102888
102960 71 103176
103200 73 103416
103440 80,78,73,69 103656
105120 71 105552
105600 73 106032
106080 74 106296
106320 78,77,73,68 106536
107040 78,68 107472
107520 80,68 107736
107760 83,78,73,73 107976
108480 81 108912
108960 80 109176
109200 78 109416
109440 77 109656
109680 73 109896
109920 86 110352
110400 85 110832
110880 81,74 111312
111360 81,74 111792
111840 80,74 112056
112080 78 112296
112320 80,71 112536
112560 81 112776
