16080 78,66 16188
16200 78,66 16308
16320 78,66 17184
17280 80,68 17928
18000 81,69 18108
18120 81,69 18228
18240 81,69 19104
19200 80,76,68 19524
19560 81,76,69 19920
19920 83,76,71 20136
20160 80,76,68 20484
20520 81,73,69 20880
20880 76,73,64 21096
21120 80,73,68 21444
21480 81,73,69 21588
21600 73 21816
21840 76,73,64 22056
22080 83,78,71 22513
22560 85,78,73 22993
23040 81,69 23400
23400 88,76 24720
24720 80,68 24937
24960 81,69 25176
25320 88,76 26640
26640 92,80 26857
26880 93,81 27204
27240 100,88 28800
28800 73,69,66 29666
30240 85 30348
30360 83 30468
30480 81 30588
30600 80 30708
30720 81,76 30828
30840 80 30948
30960 76 31068
31080 81,76 31320
31320 80 31428
31440 76 31548
31560 81,76 31800
31800 80 31908
31920 76 32028
32040 81,76 32280
32280 80 32388
32400 76 32508
32520 81,76 32628
32640 81,76 32748
32760 80 32868
32880 76 32988
33000 81,76 33240
33240 80 33348
