52440 76,64 52548
52680 76,64 52788
52800 76 52908
52920 74 53028
53040 73 53148
53160 71 53400
53400 74 53760
53760 81,69 54084
54120 80,68 54480
54480 81,69 54697
54720 88,76 55586
55680 81,69 56004
56040 80,68 56400
56400 81,69 56617
56640 92,80 57000
57000 88,76 57600
57600 86 57680
57680 95 57760
57760 86 57840
57840 85 57920
57920 93 58000
58000 85 58080
58080 83 58133
58160 92 58213
58240 83 58293
58320 81 58400
58400 90 58480
58480 81 58560
58560 80 58640
58640 88 58720
58720 80 58800
58800 78 58880
58880 86 58960
58960 78 59040
59040 76 59120
59120 85 59200
59200 76 59280
59280 74 59360
59360 83 59440
59440 74 59520
59520 73,69 59737
59760 81,69 59868
59880 81,69 60480
60720 78,66 60937
60960 81,69 61177
61200 83,71 61417
61417 88,76 61850
61897 93,81 62330
62377 95,83 63243
63337 83 63445
