112130 86 112238
112250 88,84,79 112467
112490 88 112598
112610 89 112718
112730 88,83 112838
112850 86 112958
112970 84 113078
113090 83 113198
113210 84,81,76 113427
113450 84,81,76 113558
113570 83 113678
113690 84,81,76 113907
113930 91,79 114147
114170 84,81,77 114387
114410 84,81,77 114518
114530 83 114638
114650 84,81,77 114867
114890 79 115107
115130 83,79 115347
115370 84,81 115587
115610 86,83 115827
115850 88,84,79 116210
116210 79 116318
116330 84 116438
116450 88 116558
116570 86 116678
116690 79 116798
116810 83 116918
116930 86 117038
117050 84,81,76 117267
117290 84,81,76 117398
117410 83 117518
117530 84,81,76 117747
117770 91,79 117987
118010 84,81,77 118227
118250 84,81,77 118358
118370 83 118478
118490 84,81,77 118707
118730 79 118947
118970 84,79 119187
119210 84,79 119318
119330 83 119438
119450 84 119558
119570 79 119678
119690 84 119798
119810 88 119918
119930 89 120147
120170 88 120387
120410 84 120627
120650 86 120867
