33360 76 33468
33480 81,76 33720
33720 80 33828
33840 76 33948
33960 81,76 34200
34200 80 34308
34320 76 34428
34440 74 34548
34560 73 34777
34800 80 34908
34920 80 35160
35160 80 35377
35400 80 35508
35520 80 35737
35760 81 35868
35880 80 36120
36120 81 36444
36480 88,80 36696
36720 81 36828
36840 80 37080
37080 81 37404
37560 78 37668
37680 80 37788
37800 81 37908
37920 83 38028
38040 85 38148
38160 81 38268
38280 76 38388
38520 81,76 38628
38640 80 38748
38760 76 38868
38880 81,76 39097
39120 80 39228
39240 76 39480
39480 81,76 39588
39600 80 39708
39720 76 39828
39840 81,76 40057
40080 80 40188
40200 76 40440
40440 81,76 40548
40560 80 40668
40680 76 40788
40800 81,76 41017
41040 80 41148
41160 76 41400
41400 81,76 41508
41520 80 41628
41640 76 41748
41760 80 41868
