86977 63 87085
87097 70,63 87205
87217 71,63 87457
87457 64 87565
87577 70,64 87685
87697 71,64 87937
87937 66 88045
88057 70,66 88165
88177 71,66 88285
88297 73 88405
88417 66 88525
88537 70 88645
88657 73 88897
88897 66 89005
89017 71 89125
89137 73 89245
89257 75,66 89365
89377 66 89485
89497 76,68 89605
89617 66 89725
89737 75,66 89845
89857 66 89965
89977 73,66 90085
90097 66 90205
90217 71 90325
90337 63 90445
90457 70 90565
90577 71 90817
90817 63 90925
90937 70 91045
91057 71 91297
91297 64 91405
91417 70 91525
91537 71 91777
91777 66 91885
91897 70 92005
92017 71 92125
92137 70,66 92245
92257 71,66 92365
92377 75,71 92485
92497 76,66 92605
92617 75,73 92725
92737 73,66 92845
92857 71 92965
92977 70 93085
93097 71 93205
93217 66 93325
93337 71 93445
93457 78 93565
93577 76 93685
