41880 81 41988
42000 88 42108
42120 80 42360
42360 81,76 42576
42600 76 42708
42720 80 42937
42960 76 43068
43080 81,76 43320
43320 80 43428
43440 76 43548
43560 81 43668
43680 80 43788
43800 76 43908
43920 74 44028
44040 81,76 44280
44280 80 44497
44520 76 44628
44640 76 44857
44880 73 44988
45000 76 45108
45240 78 45348
45360 80 45468
45480 81 45588
45600 83 45708
45720 85 45828
45840 81 45948
45960 76 46068
46080 81,69 46404
46440 80,68 46800
46800 81,69 47017
47040 88,76 47906
48000 81,69 48324
48360 80,68 48720
48720 81,69 48937
48960 92,80 49393
49440 88,76 49873
49920 93,81 50028
50040 93,81 50148
50280 92,80 50388
50400 92,80 50508
50640 88,76 50748
50760 88,76 50868
51000 85,73 51108
51120 85,73 51228
51360 83,71 51468
51480 83,71 51588
51720 81,69 51828
51840 81,69 51948
52080 80,68 52188
52200 80,68 52308
