77977 87,83 78193
78217 83 78325
78337 85 78445
78457 83 78565
78577 82 78685
78697 83 78913
78937 82 79153
79177 83 79393
79417 90,82,78 79897
79897 83 80005
80017 83 80257
80257 83 80365
80377 83 80593
80617 85 80833
80857 83 80965
80977 82 81217
81217 83 81325
81337 83 82057
82057 82,63 82489
82507 71,66 82645
82657 63 82765
82777 70,63 82885
82897 71,63 83137
83137 63 83245
83257 70,63 83365
83377 71,63 83617
83617 64 83725
83737 70,64 83845
83857 71,64 84097
84097 66 84205
84217 70,66 84325
84337 71,66 84445
84457 73 84565
84577 66 84685
84697 70 84805
84817 73 85057
85057 66 85165
85177 71 85285
85297 73 85405
85417 75,71,66 85633
85657 75,71,66 85765
85777 76,71 85885
85897 75,70 86005
86017 73 86125
86137 71 86245
86257 70 86365
86377 71,66,63 86485
86497 63 86605
86617 70,63 86725
86737 71,63 86977
