0 68,57 600
600 66,57 937
960 66,57 1560
1560 66,57 1897
1920 68,59 2520
2520 68,59 2857
2880 68,59 3204
3240 68 3480
3480 68,59 3804
3840 69,61 4057
4080 61 4188
4200 69,61 4440
4440 69,61 4764
4800 69,61 5017
5040 61 5148
5160 69,61 5400
5400 69,61 5724
5760 69,61 5977
6000 61 6108
6120 69,61 6360
6360 69,61,61 6588
6600 69,61 6684
6840 61 6948
6960 69,61 7080
7080 69,61 7320
7320 68,61 7536
7560 64,61 7668
7680 68,57 8280
8280 66,57 8617
8640 66,57 9240
9240 66,57 9577
9600 68,59 10200
10200 68,59 10537
10560 68,59 10884
10920 68 11160
11160 68,59 11484
11520 69,61 11737
11760 61 11868
11880 69,61 12120
12120 69,61 12444
12480 69,61 12697
12720 61 12828
12840 69,61 13080
13080 69,61 13404
13440 69,61 13657
13680 68 13897
13920 69,57 14353
14400 71,59 14833
14880 76,64 15313
15360 80,68 16008
