101737 71,68,63 101954
101977 71,68,63 102085
102097 70 102205
102217 71,68,63 102434
102457 78,66 102674
102697 71,68,64 102914
102937 71,68,64 103045
103057 70 103165
103177 71,68,64 103394
103417 66 103634
103657 71,66 103874
103897 71,66 104005
104017 70 104125
104137 71 104245
104257 66 104365
104377 71 104485
104497 75 104605
104617 76 104834
104857 75 105074
105097 71 105314
105337 73 105554
105577 75,63 105794
105817 83,71 106274
106297 82,70 106777
106777 78,66 106994
107137 76 107245
107257 75 107365
107377 73 107485
107497 71 107714
107737 73 107845
107857 75 108097
108097 76 108205
108217 75,71 108937
108937 74,72,68,65 109370
109370 84,81,76 109587
109610 84,81,76 109718
109730 83 109838
109850 84,81,76 110067
110090 91,79 110307
110330 84,81,77 110547
110570 84,81,77 110678
110690 83 110798
110810 84,81,77 111027
111050 79 111267
111290 84,79 111507
111530 84,79 111638
111650 83 111758
111770 84 111878
111890 79 111998
112010 84 112118
