70777 83 70885
70897 82 71005
71017 83 71125
71137 75 71245
71257 82 71365
71377 83 71617
71617 75 71725
71737 82 71845
71857 83 72097
72097 76 72205
72217 82 72325
72337 83 72577
72577 78 72685
72697 82 72805
72817 83 72925
72937 82 73045
73057 78 73165
73177 83 73285
73297 78 73405
73417 85 73525
73537 78 73645
73657 83 73874
74017 78 74125
74137 83 74245
74257 87 74365
74377 85 74485
74497 78 74605
74617 82 74725
74737 85 74845
74857 83 74965
74977 75 75085
75097 82 75205
75217 83 75457
75457 75 75565
75577 82 75685
75697 83 75937
75937 76 76045
76057 82 76165
76177 83 76417
76417 78 76525
76537 82 76645
76657 83 76765
76777 85 76885
76897 78 77005
77017 83 77125
77137 85 77377
77377 78 77485
77497 83 77605
77617 85 77725
77737 88,83 77953
