93697 75 93805
93817 73 93925
93937 75 94045
94057 71,68,63 94274
94297 71,68,63 94405
94417 70 94525
94537 71,68,63 94754
94777 78,66 94994
95017 71,68,64 95234
95257 71,68,64 95365
95377 70 95485
95497 71,68,64 95714
95737 66 95954
95977 71,66 96194
96217 71,66 96325
96337 70 96445
96457 71 96565
96577 66 96685
96697 71 96805
96817 73 96925
96937 75,71,66 97153
97177 75,71,66 97285
97297 76 97405
97417 75 97444
97447 76 97474
97477 75 97531
97537 73 97645
97657 71 97765
97777 70 97885
97897 71,68,63 98114
98137 71,68,63 98245
98257 70 98365
98377 71,68,63 98594
98617 78,66 98834
98857 71,68,64 99074
99097 71,68,64 99205
99217 70 99325
99337 71,68,64 99554
99577 66 99794
99817 70,66 100033
100057 71,68 100273
100297 73,70 100513
100537 75,66 100753
100897 66 101005
101017 71 101125
101137 75 101245
101257 73 101365
101377 66 101485
101497 70 101605
101617 73 101725
