63457 75 63565
63577 82 63685
63697 83 63937
63937 75 64045
64057 82 64165
64177 83 64417
64417 76 64525
64537 82 64645
64657 83 64897
64897 78 65005
65017 82 65125
65137 83 65245
65257 85 65365
65377 78 65485
65497 82 65605
65617 85 65857
65857 78 65965
65977 83 66085
66097 85 66205
66217 87,83 66434
66457 88 66674
66697 87 66724
66727 88 66754
66757 87 66811
66817 85 66925
66937 83 67045
67057 82 67165
67177 83 67285
67297 75 67405
67417 82 67525
67537 83 67777
67777 75 67885
67897 82 68005
68017 83 68257
68257 76 68365
68377 82 68485
68497 83 68737
68737 78 68845
68857 82 68965
68977 83 69085
69097 85 69205
69217 78 69325
69337 82 69445
69457 85 69697
69697 78 69805
69817 83 69925
69937 85 70045
70057 88,87 70274
70297 87,85 70514
70657 85 70765
