139490 72 139598
139610 76 139718
139730 74 139838
139850 67 139958
139970 74 140078
140090 79 140198
140210 74 140318
140330 79 140438
140450 86 140558
140570 86 140678
140690 79 140798
140810 86 140918
140930 91 141038
141050 84 141104
141110 89 141164
141170 91 141224
141230 96 142010
142010 68 142090
142090 72 142170
142170 75 142250
142250 79 142330
142330 82 142410
142410 84 142490
142490 87 142598
142610 89 142718
142730 91 142838
142850 94 142958
142970 86,80,77 143402
143450 98 143463
143464 96 143477
143479 95 143492
143493 93 143506
143508 91 143521
143522 89 143535
143537 88 143550
143551 86 143564
143566 84 143579
143580 83 143593
143595 81 143608
143609 79 143622
143624 77 143637
143638 76 143651
143653 74 143666
143667 72 143680
143682 71 143695
143696 69 143709
143711 67 143724
143725 65 143738
143740 64 143753
143754 62 143767
