23760 76 23976
24000 78 24648
24720 81 24828
24840 86,0 24948
24960 85 25284
25320 86 25644
25680 83 25896
25920 95 26568
26640 74 26748
26760 76 26868
26880 78,0 27096
27120 74 27336
27360 81 27576
27600 78 27816
27840 86 28488
28560 78,78 28746
28746 79 28773
28773 78 28776
28800 76,0 29448
29520 74 29736
29760 73 30192
30240 71,0,0 30936
30960 69 31176
31200 74 31416
31440 81 31656
31680 81 32328
32400 81,0 32616
32640 81 32964
33000 83 33216
33240 79 33456
33480 78 33588
33600 79,0,0,0,0 34776
34800 76,0 35016
35040 76,0 35256
35280 78,0,0 35496
35520 79,0,0 35844
35880 85,0,0 36096
36120 76,74,69,0,0 36444
36450 79,0,0,0 36636
36840 81,0,0 37056
37080 78,0 37296
37320 78,76,73,69,0 37428
37680 76,70,69,66,0 37896
38160 73,0,0,0 38616
38640 74 38856
38880 74 39096
39120 76 39336
39360 78 39576
39600 74 39924
39960 81 40176
