54120 69,64,62 54552
54600 81,76,0,0 54816
54840 88 54948
54960 93 55068
55080 90 55188
55200 86,78,74 55632
55650 83,0,0 55914
56040 83,74 56256
56280 83,74 56496
56520 83,74,0 56628
56640 83,74,0 56856
56880 85,76 57204
57240 85,76 57456
57480 83,74,0 57588
57600 81,73 57816
57840 81,73,0 58056
58080 73 58242
58260 78 58422
58440 88,88,78,0 58548
58590 78 58623
58635 86 58698
58800 85 58908
58920 86 59136
59160 78 59376
59400 81,81,74,71,0 59508
59760 83 59868
59880 74 60204
60240 74,71,71,67 60456
60720 76 60936
60960 78 61176
61200 79,79,76,74,74,71,69,0 61416
61422 81,0 61674
61800 76,74 62262
62310 93 62337
62340 88 62367
62370 86 62397
62400 81 62832
62880 74,69 63312
63360 73,64 63792
63840 71,62,0,0 64536
64560 69 64776
64800 74 65016
65040 81 65256
65280 81 65928
66000 81,0 66216
66240 81 66564
66600 83 66816
66840 79 67056
67080 78 67188
67200 79,0,0 68376
