83256 79,76,0 83472
83477 79,76 83801
83837 81,78,74 84269
84317 81,74 84533
84557 86,81 84665
84677 86,81 84893
84917 86,81 85025
85037 90 85145
85157 93 85373
85378 81,77,74,0 85702
85738 81,77,74 86062
86098 81,77,74 86314
86338 79,76,72 86662
86698 88,84,79 87022
87058 84,79,76 87274
87274 79,74,0,0 87598
87634 81,74 87958
87994 81,79,78 88210
88234 78,74,0,0,0,0,0 89098
89194 64,60,57,0,0,0,0,0,0,0 89626
89674 67,62,0,0,0,0,0 90106
90154 67,64,0,0 90262
90274 64,60 90382
90394 66,62,0,0 90502
90514 67,64,0 90622
90634 69,0 90688
90694 71 90748
90754 72 90808
90814 74,0 90868
90874 76,0 90928
90934 78 90988
90994 79,0 91048
91054 81,0 91108
91114 83,0 91438
91474 83,78,74 91690
91714 83,74 91930
91954 78,0 92062
92074 76,73,69 92398
92434 76,73,69 92650
92674 78 92890
92914 81,79,76,73,0 93022
93274 81,73 93490
93514 81,73 93622
93694 73,69 93802
93874 76,0 93982
93994 74 94426
94474 73 94582
94594 74 94702
94714 78 94822
94834 81,81,74,71 94942
