68400 76 68616
68640 76 68856
68880 78 69096
69120 79 69444
69480 85 69804
69840 79,76,76,69,0 70056
70440 81 70656
70680 78 70896
70920 78,76,73,69 71028
71280 76,70,69,66,0 71496
71760 73,0,0 72216
72240 74 72456
72480 74 72696
72720 76 72936
72960 78 73284
73320 74 73644
73680 81 73788
73800 86,85,76 73908
74160 86 74592
74640 95,88,83 74856
75600 74 75708
75720 76,0 75828
75840 78,0 76056
76080 81 76296
76320 81 76536
76560 74,0 76776
76800 76 77178
77220 74 77247
77250 76 77277
77280 74 77496
77520 73,0 77736
77736 74,65,0 78060
78096 65 78648
78696 64 79020
79056 72 79272
79296 67 79350
79356 72 79518
79536 67 79590
79596 72,0 79650
79656 64 79980
80016 69,66,64 80232
80376 81,74 80700
80736 93,90 81492
81576 74,65 81900
81936 74,65 82152
82176 70 82284
82296 74 82404
82416 77 82524
82536 76,0,0 82860
82896 79,76 83220
