480 78,69 1656
1680 81,0 1896
1920 73 2784
2880 74 3528
3600 76,67,0,0 4056
4080 78 4728
4800 81,74 5232
5520 86,0 5736
5760 85,76 6624
6720 83,74,0,0 7896
7920 79,71 8136
8160 79,71 8376
8400 79,78,73,71,0 8616
9360 83,81,76,73,0 9576
9840 81,73 10056
10080 81,73 10296
10320 79,78,75,73,71 10536
11280 81,74,71,71 11496
11760 79,71 11976
12000 79,71 12216
12240 78 12456
12480 74 13128
13200 71,0 13416
13440 69,67,64,57 14304
14310 93,88,81,73 15174
15600 69 15816
15840 74 16056
16080 81 16296
16320 81 16968
17040 81 17256
17280 81,0 17496
17520 83 17844
17880 79 18096
18120 78 18228
18240 79,0,0 19416
19440 76 19656
19680 76 19896
19920 78 20136
20160 79 20376
20400 85 20832
20880 79,76,76,69 21096
21480 81 21696
21720 78 21936
21960 76 22068
22080 78,0 22296
22320 69 22536
22560 76 22776
22800 73,0,0 23256
23280 74 23496
23520 74 23736
