95194 79,71 95302
95314 79,71 95530
95554 74 95878
95914 72,0 96130
96154 83,78,74,73 96370
96754 81,81,78,73,0 96862
97234 69,64 97450
97474 81,78,76 97690
97714 93,86,0,0 97930
97954 100 98062
98074 105 98182
98194 102 98302
98314 100,78,74 98746
98764 83,0,0 98920
99154 83,78,74 99370
99394 83,74 99610
99634 83,78,0 99742
99754 83,76 99970
99994 85,76 100318
100354 85,76 100570
100594 83,81,76,74,73,0 100702
100954 81,76,73 101170
101194 73 101356
101374 78 101536
101554 88,88,83,78,0 101662
101794 86 101902
101914 85 102022
102034 86 102250
102274 78 102490
102514 81,81,74,71,0,0 102622
102874 83 102982
102994 74 103318
103354 74,71,71,67,0 103570
103834 78,76,76,0 104050
104314 79,76,74,69,0 104530
104531 81,0 104788
104914 81,76,74 105130
105154 81 105262
105274 86 105382
105394 88,0 105502
105514 93,88,86 105622
105634 95 105742
105754 98 105862
105874 100 105982
105994 105 106426
106714 69 106930
106954 74 107170
107194 81 107410
107434 81 108082
108154 81 108370
