108394 81,0 108718
108754 83 108970
108994 79 109210
109234 78 109342
109354 79,0,0 110530
110554 76 110770
110794 76 111010
111034 78 111250
111274 79 111598
111634 85 111958
111994 79,76,76,69 112210
112594 81 112810
112834 78 113050
113074 78,76,73,69 113182
113434 76,70,69,66,0 113650
113914 73,0,0 114370
114394 74 114610
114634 74 114850
114874 76 115090
115114 78 115438
115474 74 115690
115714 81 115930
115954 86,0,0 116062
116074 85,76 116290
116314 86 116746
116794 95,88,83,76 117010
117754 74 117862
117874 76 117982
117994 78,74,0 118210
118234 81 118450
118474 81 118690
118714 76,74,73,69,0 118930
119314 74 119638
119674 73 119890
119914 74 120778
120820 73,0 120847
120847 74 120874
120874 73 121306
121354 78 121786
121834 76,71,68,0 122698
122704 95,88,83,0,0 123352
123514 86 123622
123634 90,88,86,83 123742
123994 93 124210
124234 93 124450
124474 86 124690
124714 88,86,81,0 125146
125167 88 125194
125194 86 125410
125434 85,0 125650
