40200 86,85,80,76,0 40308
40680 86,76 41004
41040 95,88,83 41256
42000 74 42108
42120 76,0 42228
42240 78,74 42456
42480 81 42696
42720 81 42936
42960 78 43176
43200 76,73 43524
43560 74,66 43884
43920 73,64,0 44136
44160 73,64 44484
44520 74,66,0,0,0,0,0 45936
46080 64,60,0,0,0,0,0,0,0 46512
46560 66,62,0,0,0,0,0 46992
47040 67,64,0,0 47148
47160 66 47268
47280 67,0,0 47388
47400 69,0 47508
47520 71,0 47601
47610 72 47691
47700 74,0 47754
47760 76,0 47814
47820 78 47874
47880 79,0 47934
47940 81,0 47994
48000 83,0 48324
48360 83,74 48576
48600 83,74 48816
48840 78 48948
48960 76,73,0 49176
49200 76,73 49524
49560 78 49776
49800 81,79,76,73,0 49908
50160 81,73 50376
50400 81,73 50562
50580 73 50742
50760 76,0,0 50868
50880 74,69 51312
51360 73 51468
51480 74 51588
51600 78 51708
51720 81,81,74,0,0 51828
52080 79,71 52188
52200 79,71 52416
52440 74,71 52764
52800 72,0 53016
53040 83,79,73,73 53256
53640 81,81,78,73,0 53748
