17280 62 18648
18648 62,57,53 19080
19128 64 19344
19368 65,62,60 19584
19608 67 19987
20088 69 20304
20328 70,69,65 20544
20568 72 20947
21048 72 21264
21288 70,62,60 21504
21528 69 22123
22248 72 22464
22488 70,65 22920
22968 70 23184
23208 69 23424
23448 67,64 23664
23688 60 23904
23928 72 24144
24168 70,64,60 24384
24408 69 24571
24648 70 24864
24888 69 25104
25128 64 25344
25368 65,64,62 26016
26088 65 26196
26208 67 26316
26328 69,62 26760
26808 62 27024
27048 69 27264
27288 69 27720
27768 67 27984
28008 65,62,59 28224
28248 67 28411
28488 59 28704
28728 62 28944
28968 67 29184
29208 69,64,61 30072
30168 62,57,53 30600
30648 64,55 30864
30888 65,62,60,57 31104
31128 67 31507
31608 69 31824
31848 70,69,65 32064
32088 72 32359
32448 74 32556
32568 72 32784
32808 70,62,60 33024
33048 69 33103
33168 60 33276
33288 62 33396
