33408 69 33744
33768 72,65,62 33984
34008 70 34279
34368 72 34476
34488 70 34514
34515 72 34541
34542 70 34703
34728 69 34944
34968 67,64 35184
35208 60 35424
35448 74 35664
35688 72,67,64 35904
35928 72 36091
36168 70 36194
36195 72 36221
36222 70 36383
36408 69 36624
36648 67,62,60 36864
36888 66 37483
37608 62 37716
37728 60 37836
37848 58 38064
38088 57 38304
38328 58 38544
38568 62 38784
38808 69 39024
39048 67 39264
39288 62 39504
39528 65 39744
39768 69,64,62,0,0,0,0 40200
40248 69,64,62,0,0 40464
40488 70,62,0 40596
40608 69,64,61,0,0,0 41160
41208 81,69 41424
41448 82,70 41664
41688 84,72 41796
41808 62 41916
41928 65 42036
42048 72 42156
42168 62 42276
42288 65 42396
42408 72 42516
42528 62 42636
42648 72,67,61 42864
42888 70,60,58 43104
43128 69 43291
43368 64 43584
43608 67,64,60 43824
43848 65 43956
43968 69 44520
