58968 65,62,58 59400
59448 64,60,55 59880
59928 65,62,58 60144
60168 72 60384
60408 84,72 60624
60648 82,70 60864
60888 81,69,69,65,64,60 61644
61728 69 61800
61848 69,61 62064
62088 70,61,59 62304
62308 69,64 62485
62568 64 62784
62808 67,64,62 63240
63288 65 63504
63528 64 63636
63648 65,63,60 63984
64008 65 64224
64248 69 64464
64488 70,65,62 64704
64728 72,65,62,60 65431
65568 72 65640
65688 70,61 65904
65928 69 66144
66168 67,64,59 66384
66408 65 66516
66528 69 66636
66648 69,65,64 67080
67128 65,64 67560
67608 69,65,63 67824
67848 65 68064
68088 69 68304
68328 70,65,62 68544
68568 72,65,62,60 69271
69408 72 69480
69528 70,61 69744
69768 69 69984
70008 67,64 70224
70248 69 70464
70488 67,64 70704
70728 65 70944
70968 64 71184
71208 69,65,65 71424
71448 74 72043
72168 62 72276
72288 64 72396
72408 65,62,58 73056
73128 62 73236
73248 64 73356
73368 65,62,58 73584
73608 58 73824
