73848 62 74064
74088 69 74304
74328 67,62,59 74760
74808 67,62,59 75024
75048 69 75264
75288 69,65,62,59 75504
75528 60 75744
75768 84,72 75984
76008 82,70 76224
76248 81,69,69,65,64,60 77004
77088 69 77160
77208 69,61 77424
77448 70,64,59 77664
77688 69 77851
77928 64,64,62 78144
78168 67 78547
78648 65 78864
78888 64 78996
79008 65,63,60 79344
79368 65 79584
79608 69 79824
79848 70,65,62 80064
80088 72,65,62,60 80791
80928 72 81000
81048 70,61 81264
81288 69 81504
81528 67,64,61 81744
81768 70 81984
82008 69,65,64 82440
82488 65,64 82920
82968 69,65,63 83184
83208 65 83424
83448 69 83664
83688 70,65,62 83904
83928 72 84631
84768 72 84876
84888 70,61 85104
85128 69 85344
85368 67,61 85584
85608 70 85824
85848 69,64 86064
86088 72 86304
86328 76 86544
86568 77,67,65,0 87456
87528 65 87636
87648 67 87756
87768 69,65,62 87984
88008 70 88224
88248 62 88464
88488 65,62,60 88704
