1200 84 1308
1320 86 1428
1440 88 1656
1680 81 1896
1920 88 2136
2160 86 2484
2520 83 2628
2640 79 2856
2880 84 4248
4320 91 5472
5520 72 5628
5640 74 5748
5760 76 5976
6000 69 6216
6240 76 6456
6480 74 6804
6840 71 6948
6960 67 7176
7200 67,60 9792
9840 84 9948
9960 86 10008
10080 88 10296
10320 81 10536
10560 88 10776
10800 86 11124
11160 79 11268
11280 86 11496
11520 84 11844
11880 77 11988
12000 81 12108
12120 84 12228
12240 83 12456
12480 76 12696
12720 79 12936
12960 81 13284
13320 82 13360
13360 81 13400
13400 79 13440
13440 81 14112
14160 72 14376
14400 81,74 14832
14880 84 15096
15120 93,86 15768
15840 65,58 16164
16200 55 16308
16320 58 16428
16440 65 16548
16560 64,60 16776
16800 60 17016
17040 55 17256
