88728 69 89107
89208 67 89640
89688 65,60,57,55 90120
90168 65,60,57,55 90600
90648 65,60,57 90972
91008 65,62,58 91116
91248 65,60 91572
91608 65,62,60 91824
91848 64 92064
92088 65 92304
92328 67,65,60 92544
92568 69 92947
93048 60,58,57,55 93480
93489 69,65,62 93685
93768 67,62,58 93984
93988 69,65 94165
94248 70 94464
94488 72,67,65 94920
94968 69,65,60 95292
95328 72,0 95436
95448 73,0,0 95664
95688 74,0,0 95904
95928 76,0,0 96144
96168 77,72,69,69,0,0 96384
96888 77,69 97104
97128 76,67 97344
97368 74,67 97584
97608 76 97824
97848 77 98064
98088 79,76,74,72 98304
98568 81,69,0,0,0 98784
98808 81,69,0,0,0 99024
99048 79,67,0 99264
99288 77,65 99504
99528 76,64 99744
99768 77,65 99984
100008 84,72 100224
100248 84,72,72,69 101112
101208 77,65 101424
101448 76,64 101664
101688 77,65 101848
101848 86,74 102008
102008 88,76 102168
102168 84,72 102924
103008 84,72 103116
103128 85,73 103344
103368 86,74 103584
103608 88,76 103824
103848 81,69 104064
104088 91,79,0,0,0 104304
