104328 89,77,0,0,0 104544
104568 89,77,0,0 104728
104728 91,79,0,0 104888
104888 93,81,0 105048
105048 98,86 106344
107208 86 107316
107328 88 107436
107833 89,88,86,81 108049
108168 88 108384
108408 86 108624
108648 84 108864
108888 84,79 108996
109008 81 109116
109128 79 109236
109248 77 109584
109608 74 109716
109728 76 109836
109848 77,70 110064
110088 76 110304
110328 77 110544
110568 79 110784
110808 81 110916
110928 82 111036
111048 81 111156
111168 77,74,69 111720
111742 77 111905
112008 76 112224
112248 74 112464
112488 72 112704
112728 72,65 112836
112848 69 112956
112968 67 113076
113088 65 113196
113208 60 113316
113328 57 113436
113448 55 113556
113568 53 113676
113688 65,62,58 113904
113928 62 114036
114048 64 114156
114168 65,60,57 114384
114408 62 114516
114528 64 114636
114648 65,60,58 114864
114888 70 115104
115128 69,62,60 115344
115368 64 115584
115608 69,66,64,62 116040
116088 64,62 116304
116328 69,64 116544
