44568 69,60 45000
45048 81,69 45264
45288 82,70 45504
45528 84,72 45636
45648 62 45756
45768 65 45876
45888 72 45996
46008 62 46116
46128 65 46236
46248 72 46356
46368 62 46476
46488 72,61 46704
46728 70 46944
46968 69,64 47184
47208 76,76,69,65 47424
47688 74 47796
47808 77 49104
49128 74 49236
49248 77,76,74,69 49356
50088 74 50196
50208 76 50316
50328 77,68 50544
50568 76 50784
50808 76,71 51024
51048 74,74,70,64 51264
51528 72 51636
51648 72 51984
52008 72 52116
52128 75,74,69,66 52236
52488 74 52704
52728 78 52944
52968 81 53184
53208 72,65,60 53424
53448 70 53556
53568 69 53640
53688 70,60 54120
54168 84,77 54384
54408 82 54516
54528 81 54636
54648 82 55080
55128 72,65,60,0,0 55344
55368 70 55476
55488 69 55560
55608 70,60,0,0 56040
56328 70,58,0 56544
56568 74,62 56784
56808 77,65 57024
57048 81,77,74,70 57696
57768 79,74,70 57984
58008 79,74,70 58872
