0 70 432
480 77,73 912
960 75,72 1392
1440 80,75,72 1872
1920 77,73,70 2352
2400 70 2616
2640 75,70 3072
3120 70 3336
3360 73 3468
3480 72 3588
3600 75 3816
3840 77,70 4272
4320 78,77,73 4746
4746 77 4752
4800 75,70 5232
5280 80,75,72 5604
5640 90,82,77,73 6624
6639 89 6666
6666 85 6693
6720 90,80 7146
7146 89 7152
7173 85 7200
7200 90,80 7626
7626 89 7632
7653 85 7680
7680 80 9480
9480 73 9588
9600 72 11328
11520 70,61 11952
12000 77,73,70 12216
12240 77 12456
12480 75,72,68 12507
12510 77 12537
12540 75 12918
12960 73 13176
13200 72 13416
13440 77,73,70 13656
13680 73 13896
13920 75,72,68 13947
13950 73 13977
13980 72 14142
14160 68 14376
14400 65,61,60 14832
14880 65 15096
15120 70,68,65,61 15336
15360 73 15711
16080 73,70 16296
16320 75,72,68 16536
16560 75 16587
16590 77 16617
16620 75 16782
16800 73 17016
17040 75,73,72,68 17256
17280 77 17658
18000 75 18147
18150 77 18177
18180 75 18207
18210 73 18237
18240 77,75,73,69 18672
18720 77,73,69 19152
19200 77,70,65 19632
19680 77,73,70 19896
19920 77 20136
20160 75,72,68 20187
20190 77 20217
20220 75 20598
20640 73 20856
20880 80,72 21096
21120 70,66 21336
21360 73 21576
21600 73 21627
21630 75 21657
21660 73 21822
21840 75,72 22056
22080 77,68 22512
22560 65 22776
22800 68 23016
23040 70 23067
23070 72 23097
23100 70 23127
23130 68 23157
23160 70 23712
23760 77,70 23868
23880 73 23988
24000 75,72 24216
24240 73 24348
24360 72 24468
24480 72 24534
24540 73,70 24648
24720 72,68 24936
24960 70,68 25176
25200 80 25416
25440 77 25548
25560 68 25668
25680 75 25788
25800 77 25908
25920 73 26028
26040 75 26148
26160 72 26268
26280 73 26388
26400 77,73,70 26616
26640 78,77,73,73,70,70 26856
27360 70 27468
27480 73 27588
27600 75 27708
27720 77 27828
27840 78,75 28056
28080 94,82 28296
28320 92,80 28347
28350 82 28377
28380 80 28542
28560 75 28776
28800 77 28908
28920 75 29028
29040 77,72 29376
29400 72 29508
29520 73 29628
29640 75 29748
29760 77 29976
30000 92,80 30216
30240 90,78 30267
30270 80 30297
30300 78 30462
30480 77 30696
30720 75 30828
30840 77 30867
30870 75 30897
30900 73 30927
30930 75 31392
31440 71 31548
31560 73 31668
31680 75 31896
31920 78 32136
32160 77 32187
32190 78 32217
32220 77 32382
32400 75 32616
32640 75,69 32964
33000 77,72 33108
33120 63 33228
33240 65 33348
33360 69 33468
33480 72 33588
33600 84,81,75 33708
33720 77 33828
33840 81 33948
33960 84 34068
34080 77,72,69 34296
34320 82,80,77,77,73,72 34536
34800 77 35016
35040 77,68 35148
35220 80,70 35328
35400 75,73 35508
35520 72,68 35952
36000 75,68 36216
36240 77,73 36456
36480 80,77,72 36696
36720 75,68 36936
36960 75,68 37068
37140 77,73 37248
37320 70,65 37656
37680 82 37896
37920 75,73 38028
38040 77 38148
38160 80,77 38268
38280 82 38388
38400 77,73,70 38616
38640 77,73 38856
38880 77,73,70 38988
39060 85,77 39222
39240 84,75 39348
39360 75,72,68 39468
39480 80,75,72,68 39804
40080 75,73,68,65 40296
40560 73 40668
40680 73 40788
40800 73,65 40962
40980 75,68 41142
41160 77,72,69 41268
41280 77 41388
41400 81 41508
41520 84 41628
41640 89,77,69 41868
41880 87 41988
42000 85,80,72 42108
42120 84 42228
42240 82,77,73 42456
42480 77 42696
42720 77,68 42828
42900 80,70 43008
43080 75,73 43188
43200 72,68 43632
43680 75,68 43896
43920 77,72,68 44136
44160 80,72,68 44268
44280 75 44388
44400 77 44508
44520 80 44628
44640 82 44694
44700 84 44808
44820 85 44982
45000 80 45216
45240 82,77,75,73 45456
45600 82,77,73 45816
45840 80,72 46056
46080 78,70 46296
46320 80,72 46428
46440 82,73 46656
46680 85,80,77 47004
47013 82 47040
47040 85,75 47472
47520 84,77,75 47547
47550 85 47577
47580 84 47958
48000 82,77,75 48432
48480 72,63 48912
48960 74 49392
49440 77 49656
49680 78 49896
49920 80,73,71 50136
50160 78 50268
50280 78 50496
50520 77 50736
50760 77 50976
51000 68 51360
51360 73 51576
51600 80 51816
51840 80,73,70 52056
52080 78 52188
52200 78 52416
52440 77 52656
52680 73 52896
52920 68 53028
53040 66 53148
53160 73 53268
53280 73 53334
53340 80 53448
53460 78 53622
53640 73 53748
53760 78 53976
54000 76 54108
54120 76 54336
54360 75 54576
54600 75 54816
54840 73 55164
55200 73 55362
55380 75 55542
55560 75 55668
55680 75 56112
56160 75 56268
56280 80 56388
56400 84 56508
56520 87 56628
56640 92,87,85 56748
56760 80 56868
56880 84 56988
57000 75 57108
57120 73,72 57228
57240 75 57564
57600 82,77 57708
57720 77 57828
57840 82,77 57948
57960 77 58068
58080 82,77 58188
58200 77 58308
58320 89,84,82,77 58536
58560 89,84,81,77 58992
59040 89 59256
59280 92,89,85 59496
59520 94 59682
59760 89 59976
60000 89 60162
60180 92 60342
60360 87 60912
60960 87 61176
61200 89 61416
61440 92 61656
61680 87 61896
61920 87 62082
62100 89 62262
62280 82 62832
62880 89 63096
63120 92,89,85 63336
63360 94 63522
63600 89 63708
63720 82 63828
63840 89 64002
64020 97 64182
64200 96 64524
64560 92,84 64776
64800 87,80 65016
65040 85 65256
65280 87,80 65496
65520 85,77 65628
65640 85,77 65856
65880 87,80 66096
66120 89,84,81 66228
66240 89,84,81 66348
66360 81,60 66468
66480 84,65,57 66588
66600 89,69,60 66708
66720 77,72,69 66828
66840 87 66948
66960 85,80,77,72 67068
67080 84 67188
67200 82,77,73,70 67416
67440 77,73,70,65 67656
67680 77,73,70,65 67842
67860 80,68 68022
68040 75,63 68148
68160 72,68,63 68592
68640 75,63 68856
68880 77,75,72,68,65 69096
69120 80 69147
69240 75 69348
69360 77 69468
69480 80 69588
69600 84 69762
69780 85 69942
69960 80 70176
70200 82,77,73 70416
70560 82,77,73 70776
70800 80,72 71016
71040 78,70 71256
71280 80,72 71388
71400 82,73 71616
71640 85,80,77 71964
71973 82 72000
72000 85,80,75 72432
72480 84,77,75 72912
72960 82,77,75 73392
73440 77,75 73548
73560 80 73668
73680 85 73788
73800 82 74124
74160 80 74376
74400 77 74616
74640 75 74856
74880 82,77,73 75096
75120 66 75228
75240 80,73 75600
75600 77,73 75627
75630 78 75657
75660 77 75768
75840 75,72 76164
76200 77,72 76524
76560 82,80,75 76587
76590 83 76617
76620 82 76728
76800 80,75 77160
77160 84,75 77520
77520 75 77628
77640 77 77748
77760 73 77868
77880 85,77 78096
78120 84,75 78336
78360 80,72 78468
78480 104 78588
78600 92 78936
78960 75 79068
79080 73 79404
79440 80 79548
79560 80 79884
79920 75 80028
80040 73 80364
80400 80,73 80586
80586 75 80613
80613 80 80616
80640 75,65 80748
80760 73 80868
80880 75 80988
81000 75,68,63 81216
81360 80,72 81468
81480 80,72 81696
81720 84,75 81936
81960 92,84 82320
82320 92,84 82428
82440 92,84 82548
82560 92,84 82884
82920 94,85 83352
83400 92,84 83508
83520 92,84 83844
83880 90,84 84204
84240 89,84 84348
84360 87 84468
84480 87 84588
84600 85 84708
84720 84 84828
84840 85 85056
85080 80 85296
85320 77 85536
85560 75 85776
85800 80 86016
86040 77,73 86364
86373 75 86400
86400 73 87048
87120 66 87228
87240 73,70,68 87456
87480 85,82,80 87696
87720 85,82,80 87828
87840 97 88752
88800 63 88872
88880 68 88952
88960 73 89032
89040 80 89112
89120 85 89192
89200 87 89272
89280 92 90144
90159 75,73,72,68 90591
90960 68 90987
90990 69 91017
91020 68 91398
91440 65 92088
92160 68 92214
92220 68 92247
92250 69 92277
92280 68 93852
