54720 67 55152
55200 75 56064
56160 67 56592
56640 74 57504
57600 72 58032
58080 63 58728
58800 65 59016
59040 67 59472
59520 70 60384
60480 68 60912
60960 75 61608
61680 68 61896
61920 67 62352
62400 75 63264
63360 74 63576
63600 75 63816
63840 77 64488
64560 72 64776
64800 71 65016
65040 72 65256
65280 74 66144
66240 75 66672
66720 67 67368
67440 75 67656
67680 74 68112
68160 67 69024
69120 72 69336
69360 70 69576
69600 72 70248
70320 75 70536
70560 70 70776
70800 72 71016
71040 70 71904
72000 68 72432
72480 75 73344
73440 67 73872
73920 75 74784
74880 74 75096
75120 75 75336
75360 77 76008
76080 72 76296
76320 71 76536
76560 72 76776
76800 74 77232
77280 71 77712
77760 72 79056
175680 67 176112
176160 75 177024
177120 67 177552
177600 74 178464
178560 72 178992
179040 63 179688
179760 65 179976
180000 67 180432
180480 70 181344
181440 68 181872
181920 75 182568
182640 68 182856
182880 67 183312
183360 75 184224
184320 74 184536
184560 75 184776
184800 77 185448
185520 72 185736
185760 71 185976
186000 72 186216
186240 74 187104
187200 75 187632
187680 67 188328
188400 75 188616
188640 74 189072
189120 67 189984
190080 72 190296
190320 70 190536
190560 72 191208
191280 75 191496
191520 70 191736
191760 72 191976
192000 70 192864
192960 68 193392
193440 75 194304
194400 67 194832
194880 75 195744
195840 74 196056
196080 75 196296
196320 77 196968
197040 72 197256
197280 71 197496
197520 72 197736
197760 74 198192
198240 71 198672
198720 72 200016
