240 64 672
720 64 1152
1200 64 1632
1680 64 1896
2160 68 2592
2640 68 3072
3120 68 3552
3600 68 3816
4080 69 4512
4560 69 4992
5040 69 5472
5520 69 5736
6000 71 6432
6480 71 7584
7920 64 8352
8400 64 8832
8880 64 9096
9120 69 9336
9360 64 9576
9840 68 10272
10320 68 10752
10800 68 11016
11040 76 11256
11280 68 11496
11760 69 12192
12240 69 12672
12720 69 12936
12960 76 13176
13200 69 13416
13680 71 13896
13920 76 14136
14160 81,71 14376
14400 80 15264
15840 69 16056
16080 69 16296
16320 69 16536
16560 64 16776
16800 68 17016
17040 69 17712
17760 69 17976
18000 69 18216
18240 69 18456
18480 64 18696
18720 71 18936
18960 69 19632
19680 69 19896
19920 69 20136
20160 69 20376
20400 64 20616
20640 69 20856
20880 71 21552
21600 76 21816
21840 74 22272
22320 73 22752
22800 69 23472
23520 73 23736
23760 73 23976
24000 73 24216
24240 69 24456
24480 71 24696
24720 76 25392
25440 76 25656
25680 76 25896
25920 76 26136
26160 68 26376
26400 69 26616
26640 71 27312
27360 69 27576
27600 69 27816
27840 69 28056
28080 64 28296
28320 71 28536
28560 73 28776
28800 74 29232
29280 73 29496
29520 71 29736
29760 71 29976
30000 76 30216
30240 74 30456
30480 73 31152
31200 81,73 31416
31440 81,73 31656
31680 81,73 31896
31920 80 32136
32160 76 32376
32400 74 32856
32880 81 33096
33120 81,76 33336
33360 81,76 33576
33600 81,76 33816
33840 80 34056
34080 76 34296
34320 76 34776
34800 81 35016
35040 81 35256
35280 81 35496
35520 81 35736
35760 80 35976
36000 76 36216
36240 81 36696
36720 80 36936
36960 81 37176
37200 83 37416
37440 86 37656
37680 85 37896
37920 83 38136
38160 81 38616
38640 81 38856
38880 80 39096
39120 81 39336
39360 76 39576
39600 81 39816
39840 80 39948
39960 81 40068
40080 76 40536
40560 81 40776
40800 80 41016
41040 81 41256
41280 76 41496
41520 81 41736
41760 80 41868
41880 81 41988
42000 88 42456
44400 71 44616
44640 76 44856
44880 80 45096
45120 81,76 45336
45360 83,76 45576
45600 85,76 45816
45840 86,76,0,0,0,0,0,0,0 46296
46320 81 46536
46560 81 46776
46800 81 46908
46920 81 47028
47040 81 47256
47280 80 47496
47520 76 47736
47760 81 48216
48240 80 48456
48480 80 48696
48720 81 48828
48840 88 49176
49200 86 49416
49440 85 49656
49680 83 50136
50160 81 50376
50400 80 50616
50640 81 50748
50760 76 51096
51120 80 51336
51360 81 51576
51600 83 51816
51840 86 52056
52080 76 52296
52320 85 52536
52560 76 52776
52800 83,76 53016
53040 76 53256
53280 81,76 53496
53520 76 53976
54000 81 54216
54240 81 54456
54480 81 54588
54600 81 54936
54960 80 55176
55200 76 55416
55440 81 55896
55920 80 56136
56160 80 56376
56400 81 56508
56520 88 56856
56880 86 57096
57120 85 57336
57360 83 57816
57840 81 58056
58080 80 58296
58320 81 58428
58440 83 58776
58800 86 59016
59040 85 59256
59280 81,0,0,0,0,0,0,0 59736
59760 64 60192
60240 64 60672
60720 64 61152
61200 64 61416
61680 68 62112
62160 68 62592
62640 68 63072
63120 68 63336
63600 69 64032
64080 69 64512
64560 69 64992
65040 69 65256
65520 71 65952
66000 71 66432
66480 71 67128
67440 64 67872
67920 64 68352
68400 64 68616
68640 69 68856
68880 64 69096
69360 68 69792
69840 68 70272
70320 68 70536
70560 76 70776
70800 68 71016
71280 69 71712
71760 69 72192
72240 69 72456
72480 76 72696
72720 69 72936
73200 71 73416
73440 76 73656
73680 81,71 73896
73920 80 74784
75360 69 75576
75600 69 75816
75840 69 76056
76080 64 76296
76320 68 76536
76560 69 77232
77280 69 77496
77520 69 77736
77760 69 77976
78000 64 78216
78240 71 78456
78480 69 79152
79200 69 79416
79440 69 79656
79680 69 79896
79920 64 80136
80160 69 80376
80400 71 81072
81120 76 81336
81360 74 81792
81840 73 82272
82320 69 82992
83040 73 83256
83280 73 83496
83520 73 83736
83760 69 83976
84000 71 84216
84240 76 84912
84960 76 85176
85200 76 85416
85440 76 85656
85680 68 85896
85920 69 86136
86160 71 86832
86880 69 87096
87120 69 87336
87360 69 87576
87600 64 87816
87840 71 88056
88080 73 88296
88320 74 88752
88800 73 89016
89040 71 89496
89520 76 89736
89760 74 89976
90000 73 90216
90720 81,73 90936
90960 81,73 91176
91200 81,73 91416
91440 80,71 91656
91680 76,68 91896
91920 74,66 92592
92640 81,73 92856
92880 81,73 93096
93120 81,73 93336
93360 80,71 93576
93600 76,68 93816
93840 76,68 94512
94560 81,73 94776
94800 81,73 95016
95040 81,73 95256
95280 80,71 95496
95520 76,68 95736
95760 81,73 96216
96240 80,71 96456
96480 81,73 96696
96720 83,74 96936
96960 86,78 97176
97200 85,76 97416
97440 83,74 97656
97680 85,76 97896
97920 69 98028
98040 69 98148
98160 81,73 98376
98400 80,71 98616
98640 81,73 98748
98760 69 98988
99000 69 99108
99120 81,73 99336
99360 80,71 99576
99600 81,73 99816
99840 69 99948
99960 69 100068
100080 81,73 100296
100320 80,71 100536
100560 81,73 100668
100680 88 100788
101040 81,73 101256
101280 80,71 101496
101520 81,73 101736
101760 64 101868
101880 69 101988
102000 71 102108
102120 76 102228
102240 81 102348
102360 83 102468
102480 88 102588
102600 83 102708
102720 81 102828
102840 76 102948
102960 71 103068
103080 69 103188
103200 64 103308
103320 69 103428
103440 71 103548
103560 76 103668
103668 60 103776
103788 61 103896
103908 65 104016
104028 68 104136
104148 72 104256
104268 73 104376
104388 77 104496
104508 80 104616
104628 60 104736
104748 64 104856
104868 67 104976
104988 70 105096
105108 72 105216
105228 76 105336
105348 79 105456
105468 82 105576
105828 80 106044
106068 80 106284
106308 80 106416
106428 80 106764
106788 79 107004
107028 75 107244
107268 80,0,0,0,0,0,0,0 107724
107748 79 107964
107988 79 108204
108228 80 108336
108348 87 108684
108708 85 108924
108948 84 109164
109188 82 109644
109668 80 109884
109908 79 110124
110148 80 110256
110268 75 110604
110628 79 110844
110868 80 111084
111108 82 111324
111348 85 111456
111468 75 111576
111588 80 111696
111708 85 111816
111828 84 111936
111948 75 112056
112068 80 112176
112188 84 112296
112308 82 112416
112428 75 112536
112548 79 112656
112668 82 112776
112788 80 112896
112908 75 113016
113028 79 113136
113148 80 113256
113508 80 113724
113748 80 113964
113988 80 114096
114108 80 114444
114468 79 114684
114708 75 114924
114948 80 115404
115428 80 115644
115668 79 115884
115908 80 116016
116028 87 116364
116388 85 116604
116628 84 116844
116868 82 117324
117348 80 117564
117588 79 117804
117828 80 117936
117948 82 118284
118308 85 118524
118548 84 118764
118788 81,80,78,74 119004
119488 66,0,0,0,0 119704
119728 69 119944
119968 71,68,64 120832
121168 81 121384
121408 80 121624
121648 81 121756
121768 76 122104
122128 81 122344
122368 80 122584
122608 81 122824
123088 93 123304
123328 92 123544
123568 93 123676
123688 88 124024
124048 93 124264
124288 92 124504
124528 93 124744
125008 81 125224
125248 80 125464
125488 81 125596
125608 76 125944
125968 81 126184
126208 80 126424
126448 81 126664
126928 93 127144
127168 92 127384
127408 93 127516
127528 88 127864
127888 97 128104
128128 95 128344
128368 97 128584
128824 82,77 129040
129064 81,77 129280
129304 82 129412
129424 77,72 129760
129784 82 130000
130024 81,77 130240
130264 82 130480
130744 82,77 130960
130984 81,77 131200
131224 82,77 131332
131344 89,82,77 131452
131704 87 131920
131944 86 132160
132184 84 132400
132664 82,77 132880
132904 81,77 133120
133144 82 133252
133264 77,72 133600
133624 82 133840
133864 84 134080
134104 82 134320
134344 87,82,77 134776
134824 86,82,77 135256
135304 84,79,77 135736
135784 82,79,77 136216
136504 82,77 136720
136744 81,77 136960
136984 82 137092
137104 77,72 137440
137464 82 137680
137704 81,77 137920
137944 82 138160
138424 82,77 138640
138664 81,77 138880
138904 82,77 139012
139024 89,82,77 139132
139384 87,81 139600
139624 86,81 139840
139864 84,81 140080
140344 82,77 140560
140584 81,77 140800
140824 82,77 140932
140944 84,77 141280
141304 87 141520
141544 86 141760
141784 82,0,0,0,0,0,0,0,0,0,0,0,0,0,0,0,0,0,0,0,0,0,0,0 143752
144184 82 144292
144304 74 144412
144424 81 144532
144544 74 144652
144664 82 144772
144784 74 144892
144904 77 145012
145024 72 145132
145144 82 145252
145264 72 145372
145384 81 145492
145504 72 145612
145624 82 145732
145744 72 145972
145984 74 146092
146104 82 146212
146224 74 146332
146344 81 146452
146464 74 146572
146584 82 146692
146704 74 146812
146824 89 146932
146944 72 147052
147064 87 147172
147184 72 147292
147304 86 147412
147424 72 147532
147544 84 147652
147664 72 147892
147904 70 148012
148024 82 148132
148144 70 148252
148264 81 148372
148384 70 148492
148504 82 148612
148624 70 148732
148744 77 148852
148864 72 148972
148984 82 149092
149104 72 149212
149224 84 149332
149344 72 149452
149464 82 149572
149584 72 149692
149704 87 149812
149824 77 149932
149944 82 150052
150064 87 150172
150184 86 150292
150304 77 150412
150424 82 150532
150544 86 150652
150664 84 150772
150784 77 150892
150904 81 151012
151024 84,0 151132
151144 82,0,0 151198
151204 81,0 151258
151264 79,0 151318
151324 77,0 151378
151384 75,0,0 151438
151444 74,0 151498
151504 72,0,0,0 151612
151744 70,65 152068
152104 69,65 152320
152344 70,65 152560
152584 65,60 152800
152824 70,65 153040
153064 69,65 153280
153304 70,65 153520
153664 70,65 153988
154024 69,65 154240
154264 70,65 154480
154504 77,72,70 154720
154744 75,72,70 154960
154984 74,70 155200
155224 72,70 155440
155584 70,65 155908
155944 69,65 156160
156184 70,65 156400
156424 72,65 156640
156664 75,65 156880
156904 74,65 157120
157144 70,65 157600
157624 65 157732
157744 69 157852
157864 70 157972
157984 65 158092
158104 69 158212
158224 70 158332
158344 74 158452
158464 70 158572
158584 72 158692
158704 74 158812
158824 77 158932
158944 70 159052
159064 74 159172
159184 77 159292
159424 82,77 159748
159784 81,77 160000
160024 82,77 160240
160264 77,72 160480
160504 82,77 160720
160744 81,77 160960
160984 82,77 161200
161344 82,77 161668
161704 81,77 161920
161944 82,77 162160
162184 89,77 162400
162424 87,77 162640
162664 86,77 162880
162904 84,77 163120
163264 82,77 163588
163624 81 163840
163864 82,77 164080
164104 77 164320
164344 82,77 164560
164584 84,77 164800
164824 82,77 165040
165064 87 165172
165184 77 165292
165304 82 165412
165424 87 165532
165544 86 165652
165664 77 165772
165784 82 165892
165904 86 166012
166024 84 166132
166144 77 166252
166264 81 166372
166384 84 166492
166504 82 166612
166624 74 166732
166744 77 166852
166864 82 166972
167104 70,65 167428
167464 69,65 167680
167704 70,65 167920
167944 65,60 168160
168184 70,65 168400
168424 69,65 168640
168664 70,65 168880
169024 70,65 169348
169384 69,65 169600
169624 70,65 169840
169864 77,72,70 170080
170104 75,72,70 170320
170344 74,70 170560
170584 72,70 170800
170944 70,65 171268
171304 69,65 171520
171544 70,65 171760
171784 72,65 172000
172024 75,65 172240
172264 74,65 172480
172504 72,65 172720
172744 70,65,62 174472
174904 70,65 175336
175384 70,65 175816
175864 70,65 176296
176344 70,65 176800
176824 70,65 177256
177304 70,65 177736
177784 70,65 178216
178264 70,65 178720
178744 70,67 179176
179224 70,67 179656
179704 70,67 180136
180184 70,67 180640
180664 69,65 181096
181144 69,65 181576
181624 69,65 182056
182104 69,65 182560
182584 70,65 184480
184504 70,65 186040
186117 77,74,70,69 187845
