23 69,64,61,57 432
480 68 912
960 64 1392
1440 66 2304
2400 66 2832
2880 61 3312
3360 62 3792
3840 64 4272
4320 59 5616
5715 69,64 6192
6240 68 6672
6720 64 7152
7200 66,61 8064
8160 66,61 8592
8640 61,57 9936
10080 59,56 11376
11460 69,64,61 11952
12000 68 12432
12480 64,61 12912
12960 66,61 13824
13920 64,61 14352
14400 59,56 15264
15360 62 15792
15840 61,57 16704
16800 59,56 17232
17280 57 17712
17760 56 18192
18240 57 18672
18720 64,54 19584
19680 57 20112
20160 59,57,52 21456
21600 71,69 22896
22950 81,76,73,69 23472
23520 80 23952
24000 76,73,66 24432
24435 78,76 25128
25200 69 25416
25440 78,76,73 25872
25920 73,69,64 26352
26400 74 26832
26880 76 27312
27360 71 28656
28800 69,61 29232
29280 68,61 29712
29760 64,61 30192
30240 64,61 30888
30960 64,59 31680
31680 69,64 32976
33120 61,57 33552
33600 62,59 34032
34080 64,59 34512
34560 69,61 34992
35040 68 35472
35520 64,61,57 35952
36000 64,61,57 36864
36960 64,61,57 37392
37440 64,61,57 38736
38880 59,56 40176
40320 57 40968
41040 64,57 41472
41520 69,61 41736
41760 69,61 42192
42240 68,59 42672
42720 69,64,61 43152
43155 76,74,69 44496
44550 88,86,81,76 45936
45990 97,93,88,86 48960
48960 81 49104
49120 69 49264
49280 73 49424
49440 81 49584
49600 69 49744
49760 73 49904
49920 80 50064
50080 69 50224
50240 73 50384
50400 78 50544
50560 66 50704
50720 69 50864
50880 78 51024
51040 66 51184
51200 69 51344
51360 76 51504
51520 64 51664
51680 69 51824
51840 73 51984
52000 64 52144
52160 69 52304
52320 76 52464
52480 64 52624
52640 69 52784
52800 73 52944
52960 64 53104
53120 69 53264
53280 71 53424
53440 64 53584
53600 66 53744
53760 68 53904
53920 69 54064
54080 71 54224
54240 73 54384
54400 74 54544
54560 76 54704
54720 81 54864
54880 69 55024
55040 73 55184
55200 81 55344
55360 69 55504
55520 73 55664
55680 80 55824
55840 69 55984
56000 73 56144
56160 78 56304
56320 66 56464
56480 69 56624
56640 78 56784
56800 66 56944
56960 69 57104
57120 76 57264
57280 64 57424
57440 69 57584
57600 73 57744
57760 64 57904
57920 69 58064
58080 76 58224
58240 64 58384
58400 69 58544
58560 73 58704
58720 64 58864
58880 69 59024
59040 71 59184
59200 64 59344
59360 68 59504
59520 71 59664
59680 68 59824
59840 76 59984
60000 71 60144
60160 80 60304
60320 76 60464
60480 81 60624
60640 69 60784
60800 73 60944
60960 81 61104
61120 69 61264
61280 73 61424
61440 80 61584
61600 69 61744
61760 73 61904
61920 78 62064
62080 66 62224
62240 69 62384
62400 78 62544
62560 66 62704
62720 69 62864
62880 76 63024
63040 64 63184
63200 69 63344
63360 73 63504
63520 64 63664
63680 69 63824
63840 76 63984
64000 64 64144
64160 69 64304
64320 73 64464
64480 64 64624
64640 69 64784
64800 71 64944
64960 64 65104
65120 68 65264
65280 74 65424
65440 64 65584
65600 68 65744
65760 73 65904
65920 61 66064
66080 68 66224
66240 71 66384
66400 61 66544
66560 66 66704
66720 69 66864
66880 61 67024
67040 66 67184
67200 68 67344
67360 61 67504
67520 66 67664
67680 69 67824
67840 63 67984
68000 66 68144
68160 73 68304
68320 63 68464
68480 66 68624
68640 78 68784
68800 69 68944
68960 73 69104
69120 81 69264
69280 72 69424
69440 75 69584
69600 80 69744
69760 72 69904
69920 75 70064
70080 78 70224
70240 72 70384
70400 75 70544
70560 78 70704
70720 68 70864
70880 73 71024
71040 78 71184
71200 68 71344
71360 73 71504
71520 77 71664
71680 68 71824
71840 73 71984
72000 80 72144
72160 73 72304
72320 77 72464
72480 80 72624
72640 77 72784
72800 80 72944
72960 85 73104
73120 80 73264
73280 85 73424
73440 89 73584
73600 85 73744
73760 89 73904
73920 92 74064
74080 89 74224
74240 92 74384
74400 97 76320
76320 81 76464
76480 69 76624
76640 73 76784
76800 81 76944
76960 69 77104
77120 73 77264
77280 80 77424
77440 69 77584
77600 73 77744
77760 78 77904
77920 66 78064
78080 69 78224
78240 78 78384
78400 66 78544
78560 69 78704
78720 76 78864
78880 64 79024
79040 69 79184
79200 73 79344
79360 64 79504
79520 69 79664
79680 76 79824
79840 64 79984
80000 69 80144
80160 73 80304
80320 64 80464
80480 69 80624
80640 71 80784
80800 64 80944
80960 66 81104
81120 68 81264
81280 69 81424
81440 71 81584
81600 73 81744
81760 74 81904
81920 76 82064
82080 81 82224
82240 69 82384
82400 73 82544
82560 81 82704
82720 69 82864
82880 73 83024
83040 80 83184
83200 69 83344
83360 73 83504
83520 78 83664
83680 66 83824
83840 69 83984
84000 78 84144
84160 66 84304
84320 69 84464
84480 76 84624
84640 64 84784
84800 69 84944
84960 73 85104
85120 64 85264
85280 69 85424
85440 76 85584
85600 64 85744
85760 69 85904
85920 73 86064
86080 64 86224
86240 69 86384
86400 71 86544
86560 64 86704
86720 68 86864
86880 71 87024
87040 68 87184
87200 76 87344
87360 71 87504
87520 80 87664
87680 76 87824
87840 81 87984
88000 69 88144
88160 73 88304
88320 81 88464
88480 69 88624
88640 73 88784
88800 80 88944
88960 69 89104
89120 73 89264
89280 81 89424
89440 71 89584
89600 76 89744
89760 83 89904
89920 76 90064
90080 71 90224
90240 76 90384
90400 71 90544
90560 83 90704
90720 86 90864
90880 76 91024
91040 81 91184
91200 85 91344
91360 76 91504
91520 81 91664
91680 83 91824
91840 81 91984
92000 76 92144
92160 85 92304
92320 80 92464
92480 78 92624
92640 73 92784
92800 80 92944
92960 78 93104
93120 73 93264
93280 78 93424
93440 80 93584
93600 81 93744
93760 69 93904
93920 73 94064
94080 81 94224
94240 69 94384
94400 73 94544
94560 80 94704
94720 69 94864
94880 73 95024
95040 81 95184
95200 71 95344
95360 73 95504
95520 80 95664
95680 71 95824
95840 73 95984
96000 76 96144
96160 71 96304
96320 73 96464
96480 78 96624
96640 71 96784
96800 73 96944
96960 78 97104
97120 71 97264
97280 73 97424
97440 78 97584
97600 71 97744
97760 73 97904
97920 78 98064
98080 70 98224
98240 73 98384
98400 78 98544
98560 70 98704
98720 73 98864
98880 78 99096
99120 76 99336
99360 74 100008
100080 73 100296
100320 74 100536
100560 80,78,74,71 100776
101760 74 101976
102000 71 102216
102240 73 102888
102960 71 103176
103200 73 103416
103440 80,78,73,69 103656
105120 71 105552
105600 73 106032
106080 74 106296
106320 78,77,73,68 106536
107040 78,68 107472
107520 80,68 107736
107760 83,78,73,73 107976
108480 81 108912
108960 80 109176
109200 78 109416
109440 77 109656
109680 73 109896
109920 86 110352
110400 85 110832
110880 81,74 111312
111360 81,74 111792
111840 80,74 112056
112080 78 112296
112320 80,71 112536
112560 81 112776
112800 83 113664
113670 80,73,71 114192
114240 80,73 114672
114720 85,73 114936
114960 76 115176
115200 78,73 115416
115440 80 115656
115680 78 116544
116640 83,79 116856
116880 81,78 117096
117120 79,74 117984
118080 74,71 118296
118320 73,69 118536
118560 71,67 118992
119040 74,71 119472
119520 66 119736
119760 73,68 119976
120000 78,73 120216
120240 73,68 120456
120480 78,73 120696
120720 83,78 120936
120960 73,68 121176
121200 83,78 121416
121440 85,80 121656
121680 90,85 121896
121920 95,90 122136
122160 97,97,95,92,90 122376
122377 102 123696
123750 78,73,71 124056
124080 76,71 124296
124320 78,74,71 124536
124560 83 124992
125040 78,74,71 125520
125520 76 125736
125760 78,74,71 125976
126000 85 126432
126480 78 126960
126960 76 127176
127200 78 127416
127440 86 127656
127680 85 127734
127740 86 127794
127800 85 127908
127920 81 128136
128160 78 128376
128400 76 128616
128640 81 128856
128880 78 129312
129360 74,71 129576
129600 66 129816
129840 73,66 130056
130080 74,66 130296
130320 78,71 130752
130800 74,66 131016
131280 73 131496
131520 74,66 131736
131760 81 132192
132240 74 132456
132480 73 132912
132960 69 133176
133200 66 133632
133680 78 133896
133920 76 133974
133980 78 134034
134040 76 134148
134160 74 134376
134400 73 134616
134640 74 134856
134880 76 135096
135120 78 135336
135360 78,73,71 135576
135600 76,71 135816
135840 78,74,71 136056
136080 83 136512
136560 78,74,71 137040
137040 76,73 137256
137280 78,73 137496
137520 85 137952
138000 78 138480
138480 76 138696
138720 78 138936
138960 86 139176
139200 85 139254
139260 86 139314
139320 85 139428
139440 81 139656
139680 78 139896
139920 76 140136
140160 81 140376
140400 78 140472
140480 81 140552
140560 78 140632
140640 76 140856
140880 74 141096
141120 73 141336
141360 74 141576
141600 71 142032
142080 78 142296
142320 71 142536
142560 73 142776
142800 74 143016
143040 71 143472
143520 78 143736
143760 73 144192
144240 69 144456
144480 73 144696
144720 64 144936
144960 73 145176
145200 62 145416
145440 66 145656
145680 73 145896
145920 71 146568
146640 73,65 147288
147300 69,64,61 147792
147840 68 148272
148320 64,57 148752
148770 66,61 149664
149760 66,61 150192
150240 61,57 150672
150720 62 151152
151200 64 151632
151680 59,56 152976
153060 69,64,61 153552
153600 68 154032
154080 64,57 154512
154530 66,61 155424
155520 66,61 155952
156000 61,57 156864
156960 61 157392
157440 59,56 158736
158820 69,64,61 159312
159360 68 159792
159840 64,57 160272
160275 66,64,61 161184
161280 66,64,61 161712
161760 59,56 162624
162720 62 163152
163200 61,57 163848
163920 61 164136
164160 62 164376
164400 64 164616
164640 57 165072
165120 56 165552
165600 57,54 166032
166050 64,57 166944
167040 57 167472
167520 57 167736
167760 56 167976
168000 57 168216
168240 64 168456
168480 68 168696
168720 71 168936
168960 76 169176
169200 80 169416
169440 81 169656
169680 88 169896
169920 92 170136
170160 93 170376
170400 100 171696
171750 81,76,73,69 172272
172320 80 172752
172800 76,73,69 173232
173235 78,76 174144
174240 78,76,73,69 174672
174720 73,69 175584
175680 76 176112
176160 71,68 177456
177540 69,64,61 178032
178080 68 178512
178560 64,57 178992
178995 66,64,61 179904
180000 66,64,61 180432
180480 61,57 180912
180960 62,59 181392
181440 64,61 181872
181920 59,56 183216
183360 57 183792
183840 56 184488
184560 64,57 184776
184800 64,57 185448
185520 68,59 186000
186000 69 186216
186240 76,69 187536
187680 76,69 188328
188400 71 189048
189120 100,93 191520
191520 73 191952
192000 81 192144
192160 69 192304
192320 73 192464
192480 81 192624
192640 69 192784
192800 73 192944
192960 80 193104
193120 69 193264
193280 73 193424
193440 78 193584
193600 66 193744
193760 69 193904
193920 78 194064
194080 66 194224
194240 69 194384
194400 76 194544
194560 64 194704
194720 69 194864
194880 73 195024
195040 64 195184
195200 69 195344
195360 76 195504
195520 64 195664
195680 69 195824
195840 73 195984
196000 64 196144
196160 69 196304
196320 71 196464
196480 64 196624
196640 66 196784
196800 68 196944
196960 69 197104
197120 71 197264
197280 73 197424
197440 74 197584
197600 76 197744
197760 81 197904
197920 69 198064
198080 73 198224
198240 81 198384
198400 69 198544
198560 73 198704
198720 80 198864
198880 69 199024
199040 73 199184
199200 78 199344
199360 66 199504
199520 69 199664
199680 78 199824
199840 66 199984
200000 69 200144
200160 76 200304
200320 64 200464
200480 69 200624
200640 73 200784
200800 64 200944
200960 69 201104
201120 76 201264
201280 64 201424
201440 69 201584
201600 73 201744
201760 64 201904
201920 69 202064
202080 71 202224
202240 64 202384
202400 68 202544
202560 71 202704
202720 68 202864
202880 76 203024
203040 71 203184
203200 80 203344
203360 76 203504
203520 81 203664
203680 69 203824
203840 73 203984
204000 81 204144
204160 69 204304
204320 73 204464
204480 80 204624
204640 69 204784
204800 73 204944
204960 81 205104
205120 71 205264
205280 76 205424
205440 83 205584
205600 76 205744
205760 71 205904
205920 76 206064
206080 71 206224
206240 83 206384
206400 86 206544
206560 76 206704
206720 81 206864
206880 85 207024
207040 76 207184
207200 81 207344
207360 83 207504
207520 81 207664
207680 76 207824
207840 85 207984
208000 80 208144
208160 78 208304
208320 73 208464
208480 80 208624
208640 78 208784
208800 73 208944
208960 78 209104
209120 80 209264
209280 81 209424
209440 69 209584
209600 73 209744
209760 81 209904
209920 69 210064
210080 73 210224
210240 80 210384
210400 69 210544
210560 73 210704
210720 81 210864
210880 71 211024
211040 73 211184
211200 80 211344
211360 71 211504
211520 73 211664
211680 76 211824
211840 71 211984
212000 73 212144
212160 78 212304
212320 71 212464
212480 73 212624
212640 78 212784
212800 71 212944
212960 73 213104
213120 78 213264
213280 71 213424
213440 73 213584
213600 78 214464
214560 78 214776
214800 76 215016
215040 74,66 215472
215520 74 215952
216000 76 216216
216240 80,78,74,71 216456
216960 86 217392
217440 83 217872
217920 85,73 218352
218400 73 218832
218880 74 219096
219120 78,76,73,69 219336
219840 85 220272
220320 81 220752
220800 83,71 221232
221280 73 221712
221760 74 221976
222000 78,77,73,68 222216
222720 85,73 223152
223200 80,71 223416
223440 73 223656
223680 83,71 224112
224160 85,69 224592
224640 69 224856
224880 71,68,65 225096
225120 73 225552
225600 86 226032
226080 85,74,71 226512
226515 81,78 226992
227040 81 227472
227520 80 227736
227760 80,78,76,71 227976
228240 81 228456
228480 83 228912
228960 88,76,71 229392
229395 83,80 229872
229920 80 230352
230400 85 230616
230640 76 230856
230880 85,78,73 231096
231120 80 231336
231360 78 231414
231420 80 231474
231480 78 231534
231540 80 231594
231600 78 232320
232320 83,79 232536
232560 81,74 232776
232800 79,71 233664
233760 81,77 233976
234000 79,72 234216
234240 77,69 234888
234960 79,77,75,70,69 235176
235440 77,70 235656
235680 75,67 235896
236160 79,75,70 236592
236630 79,74,72,67 236846
236870 67,62,60,55 237194
237230 67,62,60,55 237338
237350 67,62,60,55 237566
237590 67,62,60,55 237914
237950 67,62,60,55 238058
238070 66,54 238286
238310 81,78,69 238634
238670 81,78,69 238778
238790 81,78,69 239006
239030 78,74,69 239246
239510 83,81,76,71 239726
239750 69,64,59 240074
240110 69,64,59 240218
240230 69,64,59 240446
240470 66,64,59 240686
240710 59,57 240926
240950 68,64,59 241166
241190 64,0 241262
241270 68,0 241342
241350 71 241422
241430 76,0 241502
241510 80 241582
241590 83,0 241662
241670 88,0,0,0,0,0,0,0 242318
242390 76,72 242606
242630 74,71 242846
242870 76,72 243086
243110 81,72 243542
243590 76,72 244070
244070 74,71 244286
244310 76,72 244526
244550 83,74 244982
245030 76,72 245510
245510 74,71 245726
245750 76,72 245966
245990 84,76 246206
246230 83 246284
246290 84 246344
246350 83 246458
246470 79 246686
246710 76 246926
246950 74 247166
247190 79 247406
247430 76 247484
247490 79 247544
247550 76 247910
247910 72 248390
248390 71 248606
248630 72 248846
248870 79 249302
249350 74,72 249407
249410 72 249437
249440 74 249467
249470 72 249578
249830 71 250046
250070 72 250286
250310 79 250742
250790 72 250817
250820 74 250847
250850 72 250877
250880 74 250907
250910 72 251018
251030 72 251246
251270 71 251486
251510 67 251726
251750 64 252182
252230 76 252446
252470 74 252524
252530 76 252584
252590 74 252698
252710 72 252926
252950 71 253166
253190 72 253406
253430 74 253646
253670 76 253886
253910 76,72 254126
254150 74,71 254366
254390 76,72 254606
254630 81,72 255062
255110 76,72 255590
255590 74,71 255806
255830 76,72 256046
256070 83,74 256502
256550 76,72 257030
257030 74,71 257246
257270 76,72 257486
257510 84,76 257726
257750 83 257804
257810 84 257864
257870 83 257978
257990 79 258206
258230 76 258446
258470 74 258686
258710 79 258926
258950 76 259004
259010 79 259064
259070 76 259394
259430 72 259910
259910 71 260126
260150 72 260366
260390 79 260822
260870 74,72 260927
260930 72 260957
260960 74 260987
260990 72 261098
261350 71 261566
261590 72 261806
261830 79 262262
262310 71,67 262526
262550 71,67 262766
262790 62 263006
263030 67 263246
263270 71 263486
263510 62 263726
263750 67 263966
263990 69,64,61 265286
265340 88,86,84,81,77 265646
265670 86 265886
265910 88 266126
266150 93 266582
266630 88 268310
268310 71,67 268526
268550 72,69 268766
268790 71,67 269006
269030 72,69 269246
269270 74,71 269486
269510 76,72 269726
269750 83,72 270398
270470 79,77,76 271118
271118 88,86,84,81 271406
271430 86 271646
271670 88 271886
271910 93 272342
272390 88,0,0,0,0,0,0,0 274070
274070 95 274124
274130 96 274184
274190 95 274298
274310 91 274526
274550 86 274766
274790 84 275006
275030 83 275246
275270 79 275486
275510 74 275726
275750 72 275966
275990 71 276206
276230 41 276256
276257 42 276283
276285 43 276311
276312 44 276338
276339 45 276365
276366 46 276392
276394 47 276420
276421 48 276447
276448 49 276474
276475 50 276501
276503 51 276529
276530 52 276556
276557 53 276583
276585 54 276611
276612 55 276638
276639 56 276665
276666 57 276692
276694 58 276720
276721 59 276747
276748 60 276774
276775 61 276801
276803 62 276829
276830 63 276856
276857 64 276883
276885 65 276911
276912 66 276938
276939 67 276965
276966 68 276992
276994 69 277020
277021 70 277047
277048 71 277074
277075 72 277101
277103 73 277129
277130 74 277184
277184 77 277400
277424 75 277640
277664 77 277880
277904 82 278336
278384 77 278864
278864 75 279080
279104 77 279320
279344 84 279776
279824 77 280040
280064 77 280280
280304 75 280520
280544 77 280760
280784 85 281000
281024 84 281078
281084 85 281138
281144 84 281252
281264 80 281480
281504 77 281720
281744 75 281960
281984 80 282200
282224 80,77,77 282656
282704 73 283184
283184 72 283400
283424 73 283640
283664 80 284096
284144 73 284624
284624 72 284732
284744 73 284852
284864 80 285080
285104 80 285320
285344 73 285560
285584 72 285800
285824 72 286040
286064 68 286280
286304 65 286520
286544 65 286760
286784 77 287000
287024 75 287240
287264 75 287318
287324 77 287378
287384 75 287492
287504 73 287720
287744 72 287960
287984 70 288092
288104 72 288212
288224 73 288332
288344 75 288452
288464 77 288680
288704 77,73 288920
288944 75,72 289160
289184 77,73 289400
289424 82,73 289856
289904 77,73 290384
290384 75,72 290600
290624 77,73 290840
290864 84,75 291296
291344 77,73 291824
291824 75,72 292040
292064 77,73 292280
292304 85,77 292520
292544 84 292760
292784 80 293000
293024 77 293240
293264 75 293480
293504 80 293720
293744 80,77,77 293960
294224 73 294440
294464 77 294572
294584 75 294692
294704 73 294812
294824 72 294932
294944 70 295424
295424 77 295640
295664 70 295880
295904 77 296012
296024 75 296132
296144 73 296252
296264 72 296372
296384 70 296864
296864 72 297080
297104 73 297320
297344 72 297560
297584 63 297800
297824 70 298040
298064 60 298280
298304 65 298520
298544 68 299024
299024 70 299240
299264 65 299744
299744 72 299960
299984 70 300200
300224 70 300656
300704 77 301136
301184 75 301400
301424 73 301640
301664 75 302096
302144 80 302576
302624 75 302840
302864 77 303080
303104 85 303536
303584 84 304016
304064 80 304280
304304 75 304520
304544 80,77,77 304652
305744 80 306464
306464 73 306896
306944 72 307160
307184 73 307400
307424 80 307856
307904 73 308336
308384 72 308600
308624 73 308840
308864 72 309296
309344 68 309560
309584 65 309800
309824 77 310040
310064 75 310280
310304 75 310736
310784 73 311216
311264 72 311480
311504 73 311720
311744 70 312176
312224 77 312656
312704 75 312920
312944 73 313160
313184 75 313400
313424 80 313640
313664 80 314096
314144 75 314360
314384 77 314600
314624 85 315056
315104 84 315536
315584 80 315800
315824 75 316040
316064 80,77,77 316172
317024 80 317240
317264 73 317480
317504 82 317936
317984 82,73 318416
318464 80,73 318680
318704 78,75,73,68 318920
318921 80,80 319592
319596 92,87,85 320096
320144 78,73,70,70 320360
321344 73 321560
321584 70 321800
321824 78,72,69 322472
322544 77,72,69 323192
323219 72,66 323480
323504 70,65 323720
323744 72,66 323960
323984 77 324200
324224 72 324440
324464 82 324680
324704 73 324920
324944 80 325160
325184 72 325400
325424 78 325640
325664 70 325880
325904 77 326120
326144 75 326360
326384 73 326600
326624 72 326840
326864 63 327080
327104 65 327320
327344 68 327560
327584 58 327638
327644 60 327698
327704 63 327758
327764 68 327818
327824 65 329264
329264 96,87,82,77,73,68 331064
