0 68,57 600
600 66,57 937
960 66,57 1560
1560 66,57 1897
1920 68,59 2520
2520 68,59 2857
2880 68,59 3204
3240 68 3480
3480 68,59 3804
3840 69,61 4057
4080 61 4188
4200 69,61 4440
4440 69,61 4764
4800 69,61 5017
5040 61 5148
5160 69,61 5400
5400 69,61 5724
5760 69,61 5977
6000 61 6108
6120 69,61 6360
6360 69,61,61 6588
6600 69,61 6684
6840 61 6948
6960 69,61 7080
7080 69,61 7320
7320 68,61 7536
7560 64,61 7668
7680 68,57 8280
8280 66,57 8617
8640 66,57 9240
9240 66,57 9577
9600 68,59 10200
10200 68,59 10537
10560 68,59 10884
10920 68 11160
11160 68,59 11484
11520 69,61 11737
11760 61 11868
11880 69,61 12120
12120 69,61 12444
12480 69,61 12697
12720 61 12828
12840 69,61 13080
13080 69,61 13404
13440 69,61 13657
13680 68 13897
13920 69,57 14353
14400 71,59 14833
14880 76,64 15313
15360 80,68 16008
16080 78,66 16188
16200 78,66 16308
16320 78,66 17184
17280 80,68 17928
18000 81,69 18108
18120 81,69 18228
18240 81,69 19104
19200 80,76,68 19524
19560 81,76,69 19920
19920 83,76,71 20136
20160 80,76,68 20484
20520 81,73,69 20880
20880 76,73,64 21096
21120 80,73,68 21444
21480 81,73,69 21588
21600 73 21816
21840 76,73,64 22056
22080 83,78,71 22513
22560 85,78,73 22993
23040 81,69 23400
23400 88,76 24720
24720 80,68 24937
24960 81,69 25176
25320 88,76 26640
26640 92,80 26857
26880 93,81 27204
27240 100,88 28800
28800 73,69,66 29666
30240 85 30348
30360 83 30468
30480 81 30588
30600 80 30708
30720 81,76 30828
30840 80 30948
30960 76 31068
31080 81,76 31320
31320 80 31428
31440 76 31548
31560 81,76 31800
31800 80 31908
31920 76 32028
32040 81,76 32280
32280 80 32388
32400 76 32508
32520 81,76 32628
32640 81,76 32748
32760 80 32868
32880 76 32988
33000 81,76 33240
33240 80 33348
33360 76 33468
33480 81,76 33720
33720 80 33828
33840 76 33948
33960 81,76 34200
34200 80 34308
34320 76 34428
34440 74 34548
34560 73 34777
34800 80 34908
34920 80 35160
35160 80 35377
35400 80 35508
35520 80 35737
35760 81 35868
35880 80 36120
36120 81 36444
36480 88,80 36696
36720 81 36828
36840 80 37080
37080 81 37404
37560 78 37668
37680 80 37788
37800 81 37908
37920 83 38028
38040 85 38148
38160 81 38268
38280 76 38388
38520 81,76 38628
38640 80 38748
38760 76 38868
38880 81,76 39097
39120 80 39228
39240 76 39480
39480 81,76 39588
39600 80 39708
39720 76 39828
39840 81,76 40057
40080 80 40188
40200 76 40440
40440 81,76 40548
40560 80 40668
40680 76 40788
40800 81,76 41017
41040 80 41148
41160 76 41400
41400 81,76 41508
41520 80 41628
41640 76 41748
41760 80 41868
41880 81 41988
42000 88 42108
42120 80 42360
42360 81,76 42576
42600 76 42708
42720 80 42937
42960 76 43068
43080 81,76 43320
43320 80 43428
43440 76 43548
43560 81 43668
43680 80 43788
43800 76 43908
43920 74 44028
44040 81,76 44280
44280 80 44497
44520 76 44628
44640 76 44857
44880 73 44988
45000 76 45108
45240 78 45348
45360 80 45468
45480 81 45588
45600 83 45708
45720 85 45828
45840 81 45948
45960 76 46068
46080 81,69 46404
46440 80,68 46800
46800 81,69 47017
47040 88,76 47906
48000 81,69 48324
48360 80,68 48720
48720 81,69 48937
48960 92,80 49393
49440 88,76 49873
49920 93,81 50028
50040 93,81 50148
50280 92,80 50388
50400 92,80 50508
50640 88,76 50748
50760 88,76 50868
51000 85,73 51108
51120 85,73 51228
51360 83,71 51468
51480 83,71 51588
51720 81,69 51828
51840 81,69 51948
52080 80,68 52188
52200 80,68 52308
52440 76,64 52548
52680 76,64 52788
52800 76 52908
52920 74 53028
53040 73 53148
53160 71 53400
53400 74 53760
53760 81,69 54084
54120 80,68 54480
54480 81,69 54697
54720 88,76 55586
55680 81,69 56004
56040 80,68 56400
56400 81,69 56617
56640 92,80 57000
57000 88,76 57600
57600 86 57680
57680 95 57760
57760 86 57840
57840 85 57920
57920 93 58000
58000 85 58080
58080 83 58133
58160 92 58213
58240 83 58293
58320 81 58400
58400 90 58480
58480 81 58560
58560 80 58640
58640 88 58720
58720 80 58800
58800 78 58880
58880 86 58960
58960 78 59040
59040 76 59120
59120 85 59200
59200 76 59280
59280 74 59360
59360 83 59440
59440 74 59520
59520 73,69 59737
59760 81,69 59868
59880 81,69 60480
60720 78,66 60937
60960 81,69 61177
61200 83,71 61417
61417 88,76 61850
61897 93,81 62330
62377 95,83 63243
63337 83 63445
63457 75 63565
63577 82 63685
63697 83 63937
63937 75 64045
64057 82 64165
64177 83 64417
64417 76 64525
64537 82 64645
64657 83 64897
64897 78 65005
65017 82 65125
65137 83 65245
65257 85 65365
65377 78 65485
65497 82 65605
65617 85 65857
65857 78 65965
65977 83 66085
66097 85 66205
66217 87,83 66434
66457 88 66674
66697 87 66724
66727 88 66754
66757 87 66811
66817 85 66925
66937 83 67045
67057 82 67165
67177 83 67285
67297 75 67405
67417 82 67525
67537 83 67777
67777 75 67885
67897 82 68005
68017 83 68257
68257 76 68365
68377 82 68485
68497 83 68737
68737 78 68845
68857 82 68965
68977 83 69085
69097 85 69205
69217 78 69325
69337 82 69445
69457 85 69697
69697 78 69805
69817 83 69925
69937 85 70045
70057 88,87 70274
70297 87,85 70514
70657 85 70765
70777 83 70885
70897 82 71005
71017 83 71125
71137 75 71245
71257 82 71365
71377 83 71617
71617 75 71725
71737 82 71845
71857 83 72097
72097 76 72205
72217 82 72325
72337 83 72577
72577 78 72685
72697 82 72805
72817 83 72925
72937 82 73045
73057 78 73165
73177 83 73285
73297 78 73405
73417 85 73525
73537 78 73645
73657 83 73874
74017 78 74125
74137 83 74245
74257 87 74365
74377 85 74485
74497 78 74605
74617 82 74725
74737 85 74845
74857 83 74965
74977 75 75085
75097 82 75205
75217 83 75457
75457 75 75565
75577 82 75685
75697 83 75937
75937 76 76045
76057 82 76165
76177 83 76417
76417 78 76525
76537 82 76645
76657 83 76765
76777 85 76885
76897 78 77005
77017 83 77125
77137 85 77377
77377 78 77485
77497 83 77605
77617 85 77725
77737 88,83 77953
77977 87,83 78193
78217 83 78325
78337 85 78445
78457 83 78565
78577 82 78685
78697 83 78913
78937 82 79153
79177 83 79393
79417 90,82,78 79897
79897 83 80005
80017 83 80257
80257 83 80365
80377 83 80593
80617 85 80833
80857 83 80965
80977 82 81217
81217 83 81325
81337 83 82057
82057 82,63 82489
82507 71,66 82645
82657 63 82765
82777 70,63 82885
82897 71,63 83137
83137 63 83245
83257 70,63 83365
83377 71,63 83617
83617 64 83725
83737 70,64 83845
83857 71,64 84097
84097 66 84205
84217 70,66 84325
84337 71,66 84445
84457 73 84565
84577 66 84685
84697 70 84805
84817 73 85057
85057 66 85165
85177 71 85285
85297 73 85405
85417 75,71,66 85633
85657 75,71,66 85765
85777 76,71 85885
85897 75,70 86005
86017 73 86125
86137 71 86245
86257 70 86365
86377 71,66,63 86485
86497 63 86605
86617 70,63 86725
86737 71,63 86977
86977 63 87085
87097 70,63 87205
87217 71,63 87457
87457 64 87565
87577 70,64 87685
87697 71,64 87937
87937 66 88045
88057 70,66 88165
88177 71,66 88285
88297 73 88405
88417 66 88525
88537 70 88645
88657 73 88897
88897 66 89005
89017 71 89125
89137 73 89245
89257 75,66 89365
89377 66 89485
89497 76,68 89605
89617 66 89725
89737 75,66 89845
89857 66 89965
89977 73,66 90085
90097 66 90205
90217 71 90325
90337 63 90445
90457 70 90565
90577 71 90817
90817 63 90925
90937 70 91045
91057 71 91297
91297 64 91405
91417 70 91525
91537 71 91777
91777 66 91885
91897 70 92005
92017 71 92125
92137 70,66 92245
92257 71,66 92365
92377 75,71 92485
92497 76,66 92605
92617 75,73 92725
92737 73,66 92845
92857 71 92965
92977 70 93085
93097 71 93205
93217 66 93325
93337 71 93445
93457 78 93565
93577 76 93685
93697 75 93805
93817 73 93925
93937 75 94045
94057 71,68,63 94274
94297 71,68,63 94405
94417 70 94525
94537 71,68,63 94754
94777 78,66 94994
95017 71,68,64 95234
95257 71,68,64 95365
95377 70 95485
95497 71,68,64 95714
95737 66 95954
95977 71,66 96194
96217 71,66 96325
96337 70 96445
96457 71 96565
96577 66 96685
96697 71 96805
96817 73 96925
96937 75,71,66 97153
97177 75,71,66 97285
97297 76 97405
97417 75 97444
97447 76 97474
97477 75 97531
97537 73 97645
97657 71 97765
97777 70 97885
97897 71,68,63 98114
98137 71,68,63 98245
98257 70 98365
98377 71,68,63 98594
98617 78,66 98834
98857 71,68,64 99074
99097 71,68,64 99205
99217 70 99325
99337 71,68,64 99554
99577 66 99794
99817 70,66 100033
100057 71,68 100273
100297 73,70 100513
100537 75,66 100753
100897 66 101005
101017 71 101125
101137 75 101245
101257 73 101365
101377 66 101485
101497 70 101605
101617 73 101725
101737 71,68,63 101954
101977 71,68,63 102085
102097 70 102205
102217 71,68,63 102434
102457 78,66 102674
102697 71,68,64 102914
102937 71,68,64 103045
103057 70 103165
103177 71,68,64 103394
103417 66 103634
103657 71,66 103874
103897 71,66 104005
104017 70 104125
104137 71 104245
104257 66 104365
104377 71 104485
104497 75 104605
104617 76 104834
104857 75 105074
105097 71 105314
105337 73 105554
105577 75,63 105794
105817 83,71 106274
106297 82,70 106777
106777 78,66 106994
107137 76 107245
107257 75 107365
107377 73 107485
107497 71 107714
107737 73 107845
107857 75 108097
108097 76 108205
108217 75,71 108937
108937 74,72,68,65 109370
109370 84,81,76 109587
109610 84,81,76 109718
109730 83 109838
109850 84,81,76 110067
110090 91,79 110307
110330 84,81,77 110547
110570 84,81,77 110678
110690 83 110798
110810 84,81,77 111027
111050 79 111267
111290 84,79 111507
111530 84,79 111638
111650 83 111758
111770 84 111878
111890 79 111998
112010 84 112118
112130 86 112238
112250 88,84,79 112467
112490 88 112598
112610 89 112718
112730 88,83 112838
112850 86 112958
112970 84 113078
113090 83 113198
113210 84,81,76 113427
113450 84,81,76 113558
113570 83 113678
113690 84,81,76 113907
113930 91,79 114147
114170 84,81,77 114387
114410 84,81,77 114518
114530 83 114638
114650 84,81,77 114867
114890 79 115107
115130 83,79 115347
115370 84,81 115587
115610 86,83 115827
115850 88,84,79 116210
116210 79 116318
116330 84 116438
116450 88 116558
116570 86 116678
116690 79 116798
116810 83 116918
116930 86 117038
117050 84,81,76 117267
117290 84,81,76 117398
117410 83 117518
117530 84,81,76 117747
117770 91,79 117987
118010 84,81,77 118227
118250 84,81,77 118358
118370 83 118478
118490 84,81,77 118707
118730 79 118947
118970 84,79 119187
119210 84,79 119318
119330 83 119438
119450 84 119558
119570 79 119678
119690 84 119798
119810 88 119918
119930 89 120147
120170 88 120387
120410 84 120627
120650 86 120867
120890 88,76 121106
121130 96,84 121238
121250 96,84 121490
121490 96,84 121598
121610 95,83 121826
121850 95,83 122066
122090 91,79 122198
122210 91,79 122450
122450 89,77 122558
122570 88,76 122678
122690 86,74 122798
122810 84,72 123026
123050 86,74 123158
123170 88,76 123410
123410 89,77 123518
123530 88,76 124250
124250 86,74 124682
124730 84,72 124947
124970 84,72 125078
125090 83,71 125198
125210 84,72 125427
125450 91,79 125667
125690 84,72 125907
125930 84,72 126038
126050 83,71 126158
126170 84,72 126387
126410 79,67 126627
126650 84,72 126867
126890 84,72 126998
127010 83,71 127118
127130 84,72 127238
127250 79,67 127358
127370 84,72 127478
127490 86,74 127598
127610 88,76 127827
127850 88,76 127958
127970 89,77 128078
128090 88,76 128198
128210 86,74 128318
128330 84,72 128438
128450 83,71 128558
128570 84,72 128787
128810 84,72 128918
128930 83,71 129038
129050 84,72 129267
129290 91,79 129507
129530 84,72 129747
129770 84,72 129878
129890 83,71 129998
130010 84,72 130227
130250 79,67 130467
130490 83,71 130706
130730 84,72 130946
130970 86,74 131186
131210 88,76 131426
131570 79,67 131678
131690 84,72 131798
131810 88,76 131918
131930 86,74 132038
132050 79,67 132158
132170 83,71 132278
132290 86,74 132398
132410 84,72 132627
132650 84,72 132758
132770 83,71 132878
132890 84,72 133107
133130 91,79 133347
133370 84,72 133587
133610 84,72 133718
133730 83,71 133838
133850 84,72 134067
134090 79,67 134307
134330 84,72 134547
134570 84,72 134678
134690 83,71 134798
134810 84,72 134918
134930 79,67 135038
135050 84,72 135158
135170 88,76 135278
135290 89,77 135507
135530 88,76 135746
135770 84,72 135986
136010 86,74 136226
136250 88,76 136466
136490 96,84 136598
136610 96,84 136850
136850 95,83 136958
136970 95,83 137186
137210 95,83 137426
137450 91,79 137558
137570 91,79 137810
137810 89,77 137918
137930 88,76 138038
138050 86,74 138158
138170 84,72 138386
138410 86,74 138518
138530 88,76 138770
138770 89,77 138878
138890 88,76 139370
139370 67 139478
139490 72 139598
139610 76 139718
139730 74 139838
139850 67 139958
139970 74 140078
140090 79 140198
140210 74 140318
140330 79 140438
140450 86 140558
140570 86 140678
140690 79 140798
140810 86 140918
140930 91 141038
141050 84 141104
141110 89 141164
141170 91 141224
141230 96 142010
142010 68 142090
142090 72 142170
142170 75 142250
142250 79 142330
142330 82 142410
142410 84 142490
142490 87 142598
142610 89 142718
142730 91 142838
142850 94 142958
142970 86,80,77 143402
143450 98 143463
143464 96 143477
143479 95 143492
143493 93 143506
143508 91 143521
143522 89 143535
143537 88 143550
143551 86 143564
143566 84 143579
143580 83 143593
143595 81 143608
143609 79 143622
143624 77 143637
143638 76 143651
143653 74 143666
143667 72 143680
143682 71 143695
143696 69 143709
143711 67 143724
143725 65 143738
143740 64 143753
143754 62 143767
143769 60 143782
143783 59 143796
143798 57 143811
143812 55 143825
143827 53 143840
143841 52 143854
143856 50 143869
143930 57,52,48 144254
144290 60,57,52 144650
144650 64,60,57 145010
145010 69,64,60 145334
145370 72,69,64 145587
145610 76,72,69 145827
145850 81,76,72 146174
146210 84,81,76 146570
146570 88,84,81 146930
146930 93,88,84 147254
147290 96,93,88 147507
147530 92,88,83 147746
147770 93,88,84,81 148203
148730 81,69 148890
148890 83,71 149050
149050 84,72 149210
149210 86,74 149318
149330 89,77 149438
149450 88,76 149558
149570 93,92,88,84,81,80 149678
150080 88,83 150122
150140 92,84,81 150602
150605 93,88 151514
