480 78,69 1656
1680 81,0 1896
1920 73 2784
2880 74 3528
3600 76,67,0,0 4056
4080 78 4728
4800 81,74 5232
5520 86,0 5736
5760 85,76 6624
6720 83,74,0,0 7896
7920 79,71 8136
8160 79,71 8376
8400 79,78,73,71,0 8616
9360 83,81,76,73,0 9576
9840 81,73 10056
10080 81,73 10296
10320 79,78,75,73,71 10536
11280 81,74,71,71 11496
11760 79,71 11976
12000 79,71 12216
12240 78 12456
12480 74 13128
13200 71,0 13416
13440 69,67,64,57 14304
14310 93,88,81,73 15174
15600 69 15816
15840 74 16056
16080 81 16296
16320 81 16968
17040 81 17256
17280 81,0 17496
17520 83 17844
17880 79 18096
18120 78 18228
18240 79,0,0 19416
19440 76 19656
19680 76 19896
19920 78 20136
20160 79 20376
20400 85 20832
20880 79,76,76,69 21096
21480 81 21696
21720 78 21936
21960 76 22068
22080 78,0 22296
22320 69 22536
22560 76 22776
22800 73,0,0 23256
23280 74 23496
23520 74 23736
23760 76 23976
24000 78 24648
24720 81 24828
24840 86,0 24948
24960 85 25284
25320 86 25644
25680 83 25896
25920 95 26568
26640 74 26748
26760 76 26868
26880 78,0 27096
27120 74 27336
27360 81 27576
27600 78 27816
27840 86 28488
28560 78,78 28746
28746 79 28773
28773 78 28776
28800 76,0 29448
29520 74 29736
29760 73 30192
30240 71,0,0 30936
30960 69 31176
31200 74 31416
31440 81 31656
31680 81 32328
32400 81,0 32616
32640 81 32964
33000 83 33216
33240 79 33456
33480 78 33588
33600 79,0,0,0,0 34776
34800 76,0 35016
35040 76,0 35256
35280 78,0,0 35496
35520 79,0,0 35844
35880 85,0,0 36096
36120 76,74,69,0,0 36444
36450 79,0,0,0 36636
36840 81,0,0 37056
37080 78,0 37296
37320 78,76,73,69,0 37428
37680 76,70,69,66,0 37896
38160 73,0,0,0 38616
38640 74 38856
38880 74 39096
39120 76 39336
39360 78 39576
39600 74 39924
39960 81 40176
40200 86,85,80,76,0 40308
40680 86,76 41004
41040 95,88,83 41256
42000 74 42108
42120 76,0 42228
42240 78,74 42456
42480 81 42696
42720 81 42936
42960 78 43176
43200 76,73 43524
43560 74,66 43884
43920 73,64,0 44136
44160 73,64 44484
44520 74,66,0,0,0,0,0 45936
46080 64,60,0,0,0,0,0,0,0 46512
46560 66,62,0,0,0,0,0 46992
47040 67,64,0,0 47148
47160 66 47268
47280 67,0,0 47388
47400 69,0 47508
47520 71,0 47601
47610 72 47691
47700 74,0 47754
47760 76,0 47814
47820 78 47874
47880 79,0 47934
47940 81,0 47994
48000 83,0 48324
48360 83,74 48576
48600 83,74 48816
48840 78 48948
48960 76,73,0 49176
49200 76,73 49524
49560 78 49776
49800 81,79,76,73,0 49908
50160 81,73 50376
50400 81,73 50562
50580 73 50742
50760 76,0,0 50868
50880 74,69 51312
51360 73 51468
51480 74 51588
51600 78 51708
51720 81,81,74,0,0 51828
52080 79,71 52188
52200 79,71 52416
52440 74,71 52764
52800 72,0 53016
53040 83,79,73,73 53256
53640 81,81,78,73,0 53748
54120 69,64,62 54552
54600 81,76,0,0 54816
54840 88 54948
54960 93 55068
55080 90 55188
55200 86,78,74 55632
55650 83,0,0 55914
56040 83,74 56256
56280 83,74 56496
56520 83,74,0 56628
56640 83,74,0 56856
56880 85,76 57204
57240 85,76 57456
57480 83,74,0 57588
57600 81,73 57816
57840 81,73,0 58056
58080 73 58242
58260 78 58422
58440 88,88,78,0 58548
58590 78 58623
58635 86 58698
58800 85 58908
58920 86 59136
59160 78 59376
59400 81,81,74,71,0 59508
59760 83 59868
59880 74 60204
60240 74,71,71,67 60456
60720 76 60936
60960 78 61176
61200 79,79,76,74,74,71,69,0 61416
61422 81,0 61674
61800 76,74 62262
62310 93 62337
62340 88 62367
62370 86 62397
62400 81 62832
62880 74,69 63312
63360 73,64 63792
63840 71,62,0,0 64536
64560 69 64776
64800 74 65016
65040 81 65256
65280 81 65928
66000 81,0 66216
66240 81 66564
66600 83 66816
66840 79 67056
67080 78 67188
67200 79,0,0 68376
68400 76 68616
68640 76 68856
68880 78 69096
69120 79 69444
69480 85 69804
69840 79,76,76,69,0 70056
70440 81 70656
70680 78 70896
70920 78,76,73,69 71028
71280 76,70,69,66,0 71496
71760 73,0,0 72216
72240 74 72456
72480 74 72696
72720 76 72936
72960 78 73284
73320 74 73644
73680 81 73788
73800 86,85,76 73908
74160 86 74592
74640 95,88,83 74856
75600 74 75708
75720 76,0 75828
75840 78,0 76056
76080 81 76296
76320 81 76536
76560 74,0 76776
76800 76 77178
77220 74 77247
77250 76 77277
77280 74 77496
77520 73,0 77736
77736 74,65,0 78060
78096 65 78648
78696 64 79020
79056 72 79272
79296 67 79350
79356 72 79518
79536 67 79590
79596 72,0 79650
79656 64 79980
80016 69,66,64 80232
80376 81,74 80700
80736 93,90 81492
81576 74,65 81900
81936 74,65 82152
82176 70 82284
82296 74 82404
82416 77 82524
82536 76,0,0 82860
82896 79,76 83220
83256 79,76,0 83472
83477 79,76 83801
83837 81,78,74 84269
84317 81,74 84533
84557 86,81 84665
84677 86,81 84893
84917 86,81 85025
85037 90 85145
85157 93 85373
85378 81,77,74,0 85702
85738 81,77,74 86062
86098 81,77,74 86314
86338 79,76,72 86662
86698 88,84,79 87022
87058 84,79,76 87274
87274 79,74,0,0 87598
87634 81,74 87958
87994 81,79,78 88210
88234 78,74,0,0,0,0,0 89098
89194 64,60,57,0,0,0,0,0,0,0 89626
89674 67,62,0,0,0,0,0 90106
90154 67,64,0,0 90262
90274 64,60 90382
90394 66,62,0,0 90502
90514 67,64,0 90622
90634 69,0 90688
90694 71 90748
90754 72 90808
90814 74,0 90868
90874 76,0 90928
90934 78 90988
90994 79,0 91048
91054 81,0 91108
91114 83,0 91438
91474 83,78,74 91690
91714 83,74 91930
91954 78,0 92062
92074 76,73,69 92398
92434 76,73,69 92650
92674 78 92890
92914 81,79,76,73,0 93022
93274 81,73 93490
93514 81,73 93622
93694 73,69 93802
93874 76,0 93982
93994 74 94426
94474 73 94582
94594 74 94702
94714 78 94822
94834 81,81,74,71 94942
95194 79,71 95302
95314 79,71 95530
95554 74 95878
95914 72,0 96130
96154 83,78,74,73 96370
96754 81,81,78,73,0 96862
97234 69,64 97450
97474 81,78,76 97690
97714 93,86,0,0 97930
97954 100 98062
98074 105 98182
98194 102 98302
98314 100,78,74 98746
98764 83,0,0 98920
99154 83,78,74 99370
99394 83,74 99610
99634 83,78,0 99742
99754 83,76 99970
99994 85,76 100318
100354 85,76 100570
100594 83,81,76,74,73,0 100702
100954 81,76,73 101170
101194 73 101356
101374 78 101536
101554 88,88,83,78,0 101662
101794 86 101902
101914 85 102022
102034 86 102250
102274 78 102490
102514 81,81,74,71,0,0 102622
102874 83 102982
102994 74 103318
103354 74,71,71,67,0 103570
103834 78,76,76,0 104050
104314 79,76,74,69,0 104530
104531 81,0 104788
104914 81,76,74 105130
105154 81 105262
105274 86 105382
105394 88,0 105502
105514 93,88,86 105622
105634 95 105742
105754 98 105862
105874 100 105982
105994 105 106426
106714 69 106930
106954 74 107170
107194 81 107410
107434 81 108082
108154 81 108370
108394 81,0 108718
108754 83 108970
108994 79 109210
109234 78 109342
109354 79,0,0 110530
110554 76 110770
110794 76 111010
111034 78 111250
111274 79 111598
111634 85 111958
111994 79,76,76,69 112210
112594 81 112810
112834 78 113050
113074 78,76,73,69 113182
113434 76,70,69,66,0 113650
113914 73,0,0 114370
114394 74 114610
114634 74 114850
114874 76 115090
115114 78 115438
115474 74 115690
115714 81 115930
115954 86,0,0 116062
116074 85,76 116290
116314 86 116746
116794 95,88,83,76 117010
117754 74 117862
117874 76 117982
117994 78,74,0 118210
118234 81 118450
118474 81 118690
118714 76,74,73,69,0 118930
119314 74 119638
119674 73 119890
119914 74 120778
120820 73,0 120847
120847 74 120874
120874 73 121306
121354 78 121786
121834 76,71,68,0 122698
122704 95,88,83,0,0 123352
123514 86 123622
123634 90,88,86,83 123742
123994 93 124210
124234 93 124450
124474 86 124690
124714 88,86,81,0 125146
125167 88 125194
125194 86 125410
125434 85,0 125650
125674 86 126538
126634 85 127282
127354 74 127462
127474 78,76,74,71,0 127582
127834 81 128050
128074 81 128290
128314 74,0 128530
128554 76,74,67 128986
129007 76 129034
129034 74 129250
129274 73,0 129490
129514 69,62,0,0 129730
129754 66,0,0 129970
129994 76,74,69,0,0 130210
130234 74,0 130450
130474 81,74 130636
130654 78 130816
130834 81 130996
131014 86,78 131176
131194 93,86,0 131410
131434 90,0 131650
131674 100,98,0,0 131890
131914 98,90,0,0,0 132346
132394 69,66,61,0,0,0,0 133258
133264 81,78,73,0,0,0,0,0,0,0,0,0,0 134992
