1200 84 1308
1320 86 1428
1440 88 1656
1680 81 1896
1920 88 2136
2160 86 2484
2520 83 2628
2640 79 2856
2880 84 4248
4320 91 5472
5520 72 5628
5640 74 5748
5760 76 5976
6000 69 6216
6240 76 6456
6480 74 6804
6840 71 6948
6960 67 7176
7200 67,60 9792
9840 84 9948
9960 86 10008
10080 88 10296
10320 81 10536
10560 88 10776
10800 86 11124
11160 79 11268
11280 86 11496
11520 84 11844
11880 77 11988
12000 81 12108
12120 84 12228
12240 83 12456
12480 76 12696
12720 79 12936
12960 81 13284
13320 82 13360
13360 81 13400
13400 79 13440
13440 81 14112
14160 72 14376
14400 81,74 14832
14880 84 15096
15120 93,86 15768
15840 65,58 16164
16200 55 16308
16320 58 16428
16440 65 16548
16560 64,60 16776
16800 60 17016
17040 55 17256
17280 62 18648
18648 62,57,53 19080
19128 64 19344
19368 65,62,60 19584
19608 67 19987
20088 69 20304
20328 70,69,65 20544
20568 72 20947
21048 72 21264
21288 70,62,60 21504
21528 69 22123
22248 72 22464
22488 70,65 22920
22968 70 23184
23208 69 23424
23448 67,64 23664
23688 60 23904
23928 72 24144
24168 70,64,60 24384
24408 69 24571
24648 70 24864
24888 69 25104
25128 64 25344
25368 65,64,62 26016
26088 65 26196
26208 67 26316
26328 69,62 26760
26808 62 27024
27048 69 27264
27288 69 27720
27768 67 27984
28008 65,62,59 28224
28248 67 28411
28488 59 28704
28728 62 28944
28968 67 29184
29208 69,64,61 30072
30168 62,57,53 30600
30648 64,55 30864
30888 65,62,60,57 31104
31128 67 31507
31608 69 31824
31848 70,69,65 32064
32088 72 32359
32448 74 32556
32568 72 32784
32808 70,62,60 33024
33048 69 33103
33168 60 33276
33288 62 33396
33408 69 33744
33768 72,65,62 33984
34008 70 34279
34368 72 34476
34488 70 34514
34515 72 34541
34542 70 34703
34728 69 34944
34968 67,64 35184
35208 60 35424
35448 74 35664
35688 72,67,64 35904
35928 72 36091
36168 70 36194
36195 72 36221
36222 70 36383
36408 69 36624
36648 67,62,60 36864
36888 66 37483
37608 62 37716
37728 60 37836
37848 58 38064
38088 57 38304
38328 58 38544
38568 62 38784
38808 69 39024
39048 67 39264
39288 62 39504
39528 65 39744
39768 69,64,62,0,0,0,0 40200
40248 69,64,62,0,0 40464
40488 70,62,0 40596
40608 69,64,61,0,0,0 41160
41208 81,69 41424
41448 82,70 41664
41688 84,72 41796
41808 62 41916
41928 65 42036
42048 72 42156
42168 62 42276
42288 65 42396
42408 72 42516
42528 62 42636
42648 72,67,61 42864
42888 70,60,58 43104
43128 69 43291
43368 64 43584
43608 67,64,60 43824
43848 65 43956
43968 69 44520
44568 69,60 45000
45048 81,69 45264
45288 82,70 45504
45528 84,72 45636
45648 62 45756
45768 65 45876
45888 72 45996
46008 62 46116
46128 65 46236
46248 72 46356
46368 62 46476
46488 72,61 46704
46728 70 46944
46968 69,64 47184
47208 76,76,69,65 47424
47688 74 47796
47808 77 49104
49128 74 49236
49248 77,76,74,69 49356
50088 74 50196
50208 76 50316
50328 77,68 50544
50568 76 50784
50808 76,71 51024
51048 74,74,70,64 51264
51528 72 51636
51648 72 51984
52008 72 52116
52128 75,74,69,66 52236
52488 74 52704
52728 78 52944
52968 81 53184
53208 72,65,60 53424
53448 70 53556
53568 69 53640
53688 70,60 54120
54168 84,77 54384
54408 82 54516
54528 81 54636
54648 82 55080
55128 72,65,60,0,0 55344
55368 70 55476
55488 69 55560
55608 70,60,0,0 56040
56328 70,58,0 56544
56568 74,62 56784
56808 77,65 57024
57048 81,77,74,70 57696
57768 79,74,70 57984
58008 79,74,70 58872
58968 65,62,58 59400
59448 64,60,55 59880
59928 65,62,58 60144
60168 72 60384
60408 84,72 60624
60648 82,70 60864
60888 81,69,69,65,64,60 61644
61728 69 61800
61848 69,61 62064
62088 70,61,59 62304
62308 69,64 62485
62568 64 62784
62808 67,64,62 63240
63288 65 63504
63528 64 63636
63648 65,63,60 63984
64008 65 64224
64248 69 64464
64488 70,65,62 64704
64728 72,65,62,60 65431
65568 72 65640
65688 70,61 65904
65928 69 66144
66168 67,64,59 66384
66408 65 66516
66528 69 66636
66648 69,65,64 67080
67128 65,64 67560
67608 69,65,63 67824
67848 65 68064
68088 69 68304
68328 70,65,62 68544
68568 72,65,62,60 69271
69408 72 69480
69528 70,61 69744
69768 69 69984
70008 67,64 70224
70248 69 70464
70488 67,64 70704
70728 65 70944
70968 64 71184
71208 69,65,65 71424
71448 74 72043
72168 62 72276
72288 64 72396
72408 65,62,58 73056
73128 62 73236
73248 64 73356
73368 65,62,58 73584
73608 58 73824
73848 62 74064
74088 69 74304
74328 67,62,59 74760
74808 67,62,59 75024
75048 69 75264
75288 69,65,62,59 75504
75528 60 75744
75768 84,72 75984
76008 82,70 76224
76248 81,69,69,65,64,60 77004
77088 69 77160
77208 69,61 77424
77448 70,64,59 77664
77688 69 77851
77928 64,64,62 78144
78168 67 78547
78648 65 78864
78888 64 78996
79008 65,63,60 79344
79368 65 79584
79608 69 79824
79848 70,65,62 80064
80088 72,65,62,60 80791
80928 72 81000
81048 70,61 81264
81288 69 81504
81528 67,64,61 81744
81768 70 81984
82008 69,65,64 82440
82488 65,64 82920
82968 69,65,63 83184
83208 65 83424
83448 69 83664
83688 70,65,62 83904
83928 72 84631
84768 72 84876
84888 70,61 85104
85128 69 85344
85368 67,61 85584
85608 70 85824
85848 69,64 86064
86088 72 86304
86328 76 86544
86568 77,67,65,0 87456
87528 65 87636
87648 67 87756
87768 69,65,62 87984
88008 70 88224
88248 62 88464
88488 65,62,60 88704
88728 69 89107
89208 67 89640
89688 65,60,57,55 90120
90168 65,60,57,55 90600
90648 65,60,57 90972
91008 65,62,58 91116
91248 65,60 91572
91608 65,62,60 91824
91848 64 92064
92088 65 92304
92328 67,65,60 92544
92568 69 92947
93048 60,58,57,55 93480
93489 69,65,62 93685
93768 67,62,58 93984
93988 69,65 94165
94248 70 94464
94488 72,67,65 94920
94968 69,65,60 95292
95328 72,0 95436
95448 73,0,0 95664
95688 74,0,0 95904
95928 76,0,0 96144
96168 77,72,69,69,0,0 96384
96888 77,69 97104
97128 76,67 97344
97368 74,67 97584
97608 76 97824
97848 77 98064
98088 79,76,74,72 98304
98568 81,69,0,0,0 98784
98808 81,69,0,0,0 99024
99048 79,67,0 99264
99288 77,65 99504
99528 76,64 99744
99768 77,65 99984
100008 84,72 100224
100248 84,72,72,69 101112
101208 77,65 101424
101448 76,64 101664
101688 77,65 101848
101848 86,74 102008
102008 88,76 102168
102168 84,72 102924
103008 84,72 103116
103128 85,73 103344
103368 86,74 103584
103608 88,76 103824
103848 81,69 104064
104088 91,79,0,0,0 104304
104328 89,77,0,0,0 104544
104568 89,77,0,0 104728
104728 91,79,0,0 104888
104888 93,81,0 105048
105048 98,86 106344
107208 86 107316
107328 88 107436
107833 89,88,86,81 108049
108168 88 108384
108408 86 108624
108648 84 108864
108888 84,79 108996
109008 81 109116
109128 79 109236
109248 77 109584
109608 74 109716
109728 76 109836
109848 77,70 110064
110088 76 110304
110328 77 110544
110568 79 110784
110808 81 110916
110928 82 111036
111048 81 111156
111168 77,74,69 111720
111742 77 111905
112008 76 112224
112248 74 112464
112488 72 112704
112728 72,65 112836
112848 69 112956
112968 67 113076
113088 65 113196
113208 60 113316
113328 57 113436
113448 55 113556
113568 53 113676
113688 65,62,58 113904
113928 62 114036
114048 64 114156
114168 65,60,57 114384
114408 62 114516
114528 64 114636
114648 65,60,58 114864
114888 70 115104
115128 69,62,60 115344
115368 64 115584
115608 69,66,64,62 116040
116088 64,62 116304
116328 69,64 116544
116568 76,66 116728
116728 80,71 116888
116888 81,73 117048
117048 88,80 117208
117208 92,83 117368
117368 93,85 117528
117528 97,88 117744
117768 100,83 118704
118728 107,88 119376
