131040 82,75 131472
131520 80,74 131736
131760 82 131976
132000 80,74 132432
132480 79,72 132912
132960 79,72 133824
133920 77 134136
134160 75 134376
134400 84,75 134832
134880 84,75 135096
135120 82 135336
135360 80 135792
135840 75 136272
136320 79,70 137616
137760 79 138192
138240 77,74 138456
138480 79 138696
138720 80 139584
139680 79 139896
139920 77 140136
140160 77,72 140592
140640 75 140856
140880 74 141096
141120 75 141552
141600 75 141816
141840 74 142056
142080 75 142512
142560 77 143208
143280 70 143496
143520 75 143736
143760 74 143976
144000 75,70 144432
144480 77 144912
144960 79 145392
145440 77 145872
145920 75 146352
146400 75 146832
146880 75 147312
147360 75 147792
147840 75 149568
149760 87,79 150192
150240 87,79 150672
150720 87,77 151152
151200 87,77 151632
151680 87,79 153408
153600 75 154032
154080 75 154512
154560 75 154992
155040 75 155256
155280 74 155496
