78720 82 78936
78960 80 79176
79200 79 79416
79440 80 79656
79680 79 80544
80640 75 80856
80880 75 80988
81000 74 81108
81120 75 81336
81360 77 81576
81600 79 81816
81840 79 81948
81960 77 82068
82080 79 82296
82320 80 82536
82560 79 82776
82800 77 83016
83040 77 83256
83280 75 83496
83520 75 84384
84480 75 84696
84720 74 84936
84960 75 85176
85200 77 85416
85440 79 85656
85680 77 85896
85920 79 86136
86160 80 86376
86400 82,74 86616
86640 80 86856
86880 79 87096
87120 80 87264
87360 79,75 88224
88320 87 88536
88560 86 88776
88800 87 89016
89040 89 89256
89280 91 89496
89520 91 89628
89640 89 89748
89760 91 89976
90000 92 90216
90240 91 90456
90480 89 90696
90720 89 90936
90960 87 91176
91200 87 92064
92160 79 92376
92400 72 92616
92640 72 92856
