64320 79 65184
65280 79 65496
65520 72 65736
65760 72 65976
66000 84 66216
66240 79 66456
66480 72 66696
66720 72 66936
66960 84 67176
67200 79 67416
67440 72 67656
67680 72 67896
67920 77 68136
68160 75 69024
69120 79 69336
69360 72 69576
69600 72 69816
69840 84 70056
70080 79 70296
70320 72 70536
70560 72 70776
70800 84 71016
71040 79 71256
71280 72 71496
71520 72 71736
71760 77 71976
72000 79 72864
72960 91 73176
73200 84 73416
73440 84 73656
73680 96 73896
73920 91 74136
74160 84 74376
74400 84 74616
74640 96 74856
74880 91 75096
75120 84 75336
75360 84 75576
75600 89 75816
75840 87 76704
76800 75 77016
77040 75 77148
77160 74 77268
77280 75 77496
77520 77 77736
77760 79 77976
78000 79 78108
78120 77 78228
78240 79 78456
78480 80 78696
