92880 84 93096
93120 79 93336
93360 72 93576
93600 72 93816
93840 84 94056
94080 79 94296
94320 72 94536
94560 72 94776
94800 77 95016
95040 79,70 95904
96000 79 96216
96240 72 96456
96480 72 96696
96720 84 96936
96960 79 97176
97200 72 97416
97440 72 97656
97680 84 97896
97920 79 98136
98160 72 98376
98400 72 98616
98640 77 98856
98880 75 99744
99840 79 100056
100080 72 100296
100320 72 100536
100560 84 100776
100800 79 101016
101040 72 101256
101280 72 101496
101520 84 101736
101760 79 101976
102000 72 102216
102240 72 102456
102480 77 102696
102720 79 103584
103680 91 103896
103920 84 104136
104160 84 104376
104400 96 104616
104640 91 104856
104880 84 105096
105120 84 105336
105360 96 105576
105600 91 105816
105840 84 106056
106080 84 106296
106320 89 106536
106560 87 107424
108000 75 108432
