108480 75 108912
108960 75 109176
109200 74 109416
109440 75 111168
111360 87 111576
111600 75 111816
111840 87 112056
112080 75 112296
112320 87 112536
112560 75 112776
112800 87 113016
113040 86 113256
113280 87,79 115008
115200 79 115632
115680 79 116112
116160 77 116376
116400 79 116616
116640 80 117072
117120 79 117552
117600 79 118464
118560 77 118776
118800 75 119016
119040 84,75 119472
119520 84,75 119736
119760 82 119976
120000 80 120432
120480 75 120912
120960 79,70 122256
122400 79 122832
122880 77,74 123096
123120 79 123336
123360 80 124224
124320 79,74 124536
124560 77 124776
124800 77,72 125232
125280 75 125496
125520 74 125736
125760 75 126192
126240 75,72 126456
126480 74 126696
126720 72 127152
127200 75 127848
127920 70 128136
128160 75 128376
128400 74 128616
128640 75,70 129072
129120 77,70 129552
129600 79,70 130032
130080 80 130512
130560 82,75 130992
