21120 79,70 22416
22560 79 22992
23040 77,74 23256
23280 79 23496
23520 80 24384
24480 79 24696
24720 77 24936
24960 77,72 25392
25440 75 25656
25680 74 25896
25920 75,72 26352
26400 75 26616
26640 74 26856
26880 75,72 27312
27360 77 28008
28080 72 28296
28320 75 28536
28560 74 28776
28800 75 29232
29280 77 29712
29760 79 30192
30240 80 30672
30720 82,75 31152
31200 82,75 31632
31680 80,74 31896
31920 82 32136
32160 80 32592
32640 79,72 33072
33120 79,72 33768
33840 75 34056
34080 77 34296
34320 75 34536
34560 84,75 34992
35040 84,75 35256
35280 82 35496
35520 80,77 35952
36000 75 36432
36480 79,70 37776
37920 79 38352
38400 77,74 38616
38640 79 38856
38880 80 39264
39600 79,74 40056
40080 77 40296
40320 77,72 40752
40800 75 41016
41040 74 41256
41280 75,72 41712
41760 75 41976
42000 74 42216
