42240 75,72 42672
42720 77 43368
43440 70 43656
43680 75 43896
43920 74 44136
44160 75,72 44592
44640 77 45072
45120 79 45552
45600 77 46032
46080 75 46512
46560 75 46992
47040 75 47472
47520 75 47736
47760 74 47976
48000 75 49656
49680 75 49896
49920 87 50136
50160 79 50376
50400 87 50616
50640 79 50856
50880 87 51096
51120 79 51336
51360 87 51576
51600 86 51816
51840 87 53568
54480 75 54696
54720 70 55368
55440 74 55656
55680 75 57336
57360 75 57576
57600 68 58032
58080 87 58296
58320 75 58536
58560 87 58776
58800 75 59016
59040 87 59256
59280 86 59496
59520 87 61248
61440 79 61656
61680 72 61896
61920 72 62136
62160 84 62376
62400 79 62616
62640 72 62856
62880 72 63096
63120 84 63336
63360 79 63576
63600 72 63816
63840 72 64056
64080 77 64296
