0 79 432
480 79 912
960 77 1176
1200 79 1416
1440 80 1872
1920 79 2352
2400 79 3264
3360 77 3576
3600 75 3816
3840 84 4272
4320 84,75 4536
4560 82 4776
4800 80 5232
5280 75 5712
5760 79,70 7056
7200 79 7632
7680 77,70 8112
8160 79,70 8592
8640 77 9072
9120 77,70 9336
9360 75 9576
9600 75,72 10032
10080 75 10296
10320 74 10536
10560 75 10992
11040 75,72 11256
11280 74 11496
11520 72 11952
12000 75 12648
12720 70 12936
12960 75 13176
13200 74 13416
13440 75 13872
13920 77 14352
14400 79,70 14832
14880 77 15312
15360 79 15792
15840 79 16272
16320 77 16536
16560 79 16776
16800 80 17232
17280 79 17712
17760 79 18624
18720 77 18936
18960 75 19176
19200 84,75 19632
19680 84,75 19896
19920 82 20136
20160 80 20592
20640 75 21072
