0 65 216
240 55 456
480 58 696
720 65 1176
1200 55 1416
1440 58 1656
1680 65 2136
2160 55 2376
2400 58 2616
2640 65 3096
3120 55 3552
3600 58 3816
4080 58 4512
4560 58 4992
5040 58 5472
5520 58 5736
6000 60 6432
6480 62 6912
6960 63 7392
7440 67 7656
7680 77 7896
7920 67 8136
8160 70 8376
8400 77 8856
8880 67 9096
9120 70 9336
9360 77 9816
9840 67 10056
10080 70 10296
10320 77 10776
10800 67 11016
11040 74 11256
11280 75 11496
11760 77 12624
12720 58 12936
12960 55 13176
13200 58 13416
14640 62 14856
14880 55 15312
15600 65,58 15816
15840 65,58 16056
16080 65,58 16296
16320 65,58 16536
16560 60 16776
16800 60 17016
17040 60 17256
17520 65,58 17736
17760 65,58 17976
18000 65,58 18216
18240 65,58 18456
