57840 77,67 59136
59280 74,70,67 59496
59760 75,70,67 60192
60240 74,70,67 60456
60480 67 60696
60720 69 60936
60960 70 61176
61200 77,67 62304
62640 75 62856
62880 74 63096
63120 72 65088
65280 81 65712
65760 74 65976
66000 72 66432
66480 74 66912
66960 72 67848
67920 70,67,62 68784
69360 77,70 69576
69600 77,70 69816
69840 77,70 70056
70080 77,70 70296
70320 72,70 70536
70560 72,70 70776
70800 72,70 71016
71280 77,69 71496
71520 77,69 71736
71760 77,69 71976
72000 77,69 72216
72240 72 72456
72480 74 72696
72720 77 72936
73200 79,74,71 73848
73920 59 74136
74160 62 74376
74400 67 74616
74640 79,74,71,71 74856
76320 77,70 76536
76560 77,70 76776
77280 70,63 77496
77520 70,63 77736
78240 77,70 78456
78480 77,70 78696
79200 72,65 79416
79440 72,65 79656
80160 70 80376
80400 72 80616
80640 74,70,65 81072
81120 74,70,65 81336
81360 74,70,65 81792
81840 72 82272
