130560 70,63 131736
131760 70,63 132192
132240 65 132456
132480 72,65 133128
133200 79,72 133632
133680 77,72 134112
134160 72 134376
134400 79,74,71 135264
135360 59 135576
135600 62 135816
135840 67 136056
136080 79,74,71,71 136296
137760 77,70 137976
138000 77,70 138216
138720 70,63 138936
138960 70,63 139176
139680 77,70 139896
139920 77,70 140136
140640 72,65 140856
140880 72,65 141096
141600 70 141816
141840 72 142056
142080 74,70,65 142512
142560 74,70,65 142776
142800 74,70,65 143232
143280 72 143712
143760 70 143976
144000 74,70,67 144432
144480 77,67 144696
144720 77,67 145152
145440 77,67 145656
145680 77,67 145896
146400 70,67 146616
146640 70,67 146856
147120 67 147336
147360 77,67 147576
147600 77,67 147816
148320 72,69 148536
148560 72,69 148776
149040 74 149256
149280 75 149496
149520 74 151056
151440 62 151656
151680 69,66,62 152328
152400 62 152616
152640 69,66,62 153072
153120 77,69 153336
153360 77,69 153576
154080 70,67 154296
154320 70,67 154536
