18480 60 18696
18720 62 18936
18960 63 19176
19440 62 20304
20400 62 20832
20880 57 21096
22080 58 22296
22320 62 22752
22800 55 23016
23280 65,55 23496
23520 65,55 23736
23760 65,55 23976
24000 65,55 24216
24240 60 24456
24480 60 24696
24720 60 24936
25200 65,60,58 25416
25440 65,60,58 25656
25680 65,60,58 25896
25920 65,60,58 26136
26160 60 26376
26400 62 26616
26640 63 26856
27120 65 27768
27840 58 28056
28080 60 28296
28320 62 28536
28560 63 28776
29760 55 29976
30000 57 30216
30240 58 30456
30480 65 30696
31920 63,55 32136
32160 62 32376
32400 60 34368
34560 62,54 34992
35040 63 35256
35280 62 35712
35760 60 36192
36240 58 38208
38640 65,58 38856
38880 65,58 39096
39120 65,58 39336
39360 65,58 39576
39600 60 39816
39840 60 40056
40080 60 40296
40560 65,57 40776
40800 65,57 41016
41040 65,57 41256
