82320 70 82536
82560 74,70,67 82992
83040 77,67 83256
83280 77,67 83712
84000 77,67 84216
84240 77,67 84456
84960 70,67 85176
85200 70,67 85416
85680 67 85896
85920 77,67 86136
86160 77,67 86376
86880 72,69 87096
87120 72,69 87336
87600 74 87816
87840 75 88056
88080 74 89616
90000 62 90216
90240 69,66,62 90888
90960 62 91176
91200 69,66,62 91632
91680 77,69 91896
91920 77,69 92136
92640 70,67 92856
92880 70,67 93096
93360 67 93576
93600 77,70 93816
93840 77,70 94056
94560 72,69 94776
94800 72,69 95016
95280 69 95496
95520 70 95736
95760 72 95976
96000 74,70,67 96432
96480 74,70,67 96696
96720 74,70,67 97152
97200 82,79,74 97632
97680 74 97896
97920 81,77,74 98568
98640 77,69 99072
99120 67 99336
99360 77,67 99576
99600 77,67 99816
100320 70,67 100536
100560 70,67 100776
101040 67 101256
101280 77,70 101496
101520 77,70 101736
102240 72,69 102456
102480 72,69 102696
102960 70 103176
