41280 65,57 41496
41520 60 41736
41760 62 41976
42000 63 42216
42480 62 43128
43200 58 43416
43440 62 43656
43680 67 43896
43920 69 44136
44160 70 45888
46320 77,70 46536
46560 77,70 46776
46800 77,70 47016
47040 77,70 47256
47280 72 47496
47520 72 47736
47760 72 47976
48240 77,69 48456
48480 77,69 48696
48720 77,69 48936
48960 77,75,69 49176
49200 72 49416
49440 74 49656
49680 75 49896
50160 74 50808
50880 58 51096
51120 62 51336
51360 67 51576
51600 67 51816
51840 69 52056
52080 70 52296
52320 69 52536
52560 67 52776
52800 62 53016
53040 58 53256
53280 60 53712
54000 77,70 54216
54240 77,70 54456
54480 77,70 54696
54720 77,70 54936
54960 72 55176
55200 72 55416
55440 72 55656
55920 77,69 56136
56160 77,69 56376
56400 77,69 56616
56640 77,69 56856
56880 72 57096
57120 74 57336
57360 75 57576
