177168 84,79 177384
177888 91,79 178104
178128 91,79 178344
178848 74,67 179064
179088 74,67 179304
179568 76 179784
179808 77,67 180024
180048 76,67 181152
181488 64,60 181920
181968 60,55 182184
182208 71,68,64 182856
182928 64 183144
183168 71,68 183600
183648 79,67 183864
183888 79,67 184104
184608 72,67 184824
184848 72,67 185064
185328 67 185544
185568 79,67 185784
185808 79,67 186024
186528 74,67 186744
186768 74,67 186984
187248 67 187464
187488 72 187704
187728 74 187944
187968 76,69 188400
188448 76,69 188664
188688 76,69 189120
189168 84,76 189600
189648 76 189864
189888 83,76 190536
190608 79,71 191040
191088 71 191304
191328 79,71 191544
191568 79,71 191784
192288 72,69 192504
192528 72,69 192744
193008 69 193224
193248 79,69 193464
193488 79,69 193704
194208 74,67 194424
194448 74,67 194664
194928 72,67 195144
195168 74,67 195384
195408 72,67 196512
196848 64,60 197064
197328 64 197544
197568 72,69,64 198432
198528 76,69,64 198744
198768 69 198984
