154800 67 155016
155040 77,70 155256
155280 77,70 155496
156000 72,69 156216
156240 72,69 156456
156720 69 156936
156960 70 157176
157200 72 157416
157440 74,70,67 157872
157920 74,70,67 158136
158160 74,70,67 158592
158640 82,79,74 159072
159120 74 159336
159360 81,77,74 160008
160080 77,69 160512
160560 67 160776
160800 77,67 161016
161040 77,67 161256
161760 70,67 161976
162000 70,67 162216
162480 67 162696
162720 77,70 162936
162960 77,70 163176
163680 72,69 163896
163920 72,69 164136
164400 70 164616
164640 72 164856
164880 70,62 166848
168288 91,79 168504
168528 91,79 168744
169248 84,79 169464
169488 84,79 169704
170208 91,79 170424
170448 91,79 170664
171168 74,67 171384
171408 74,67 171624
171888 67 172104
172128 72 172344
172368 74 172584
172608 76,67 173040
173088 76,67 173304
173328 76,67 173760
173808 74,67 174240
174288 67 174504
174528 76,69 174960
175008 79,69 175224
175248 79,69 175680
175968 91 176184
176208 91 176424
176928 84,79 177144
