103200 72 103416
103440 70,62 105408
106560 74 106776
106800 72 107016
107040 70 107256
107280 69 107496
107520 70 108696
108720 70 109152
109200 65 109416
109440 72,65 110304
110400 74,65 110616
110640 72 110856
110880 70 111096
111120 69 111336
111360 70,63 112536
112560 70,63 112992
113040 62 113256
113280 69,60 114144
114240 74,65 114456
114480 72 114696
114720 70 114936
114960 69 115176
115200 70,67,62 116376
116400 70,67,62 116832
116880 67 117096
117120 72,65 117768
117840 79,72 118272
118320 77,72 118752
118800 67 119016
119040 74,67 120768
121920 74 122136
122160 72 122376
122400 70 122616
122640 69 122856
122880 70,63 124056
124080 70,63 124512
124560 65 124776
124800 72,65 125664
125760 74,65 125976
126000 72 126216
126240 70 126456
126480 69 126696
126720 70,63 127896
127920 70,63 128352
128400 62 128616
128640 69,62 129504
129600 74,65 129816
129840 72 130056
130080 70 130296
130320 69 130536
