199008 79,67 199224
199248 79,67 199464
199968 72,67 200184
200208 72,67 200424
200688 67 200904
200928 79,67 201144
201168 79,67 201384
201888 74,67 202104
202128 74,67 202344
202608 72,67 202824
202848 74,67 203064
203088 72,67 204624
204768 60 204984
205008 62 205224
205248 64,60,55 206976
207168 79 207384
207408 67 207624
207648 72 207864
207888 79 208344
208368 67 208584
208608 72 208824
208848 79 209304
209328 67 209544
209568 72 209784
209808 79 210264
210288 67 210720
210768 72 210984
211248 72 211680
211728 72 212160
212208 72 212640
212688 72,69 212904
213408 74,71 213840
213888 76,72 214320
214368 74,71 214800
214848 79 215064
215088 67 215304
215328 72 215544
215568 79 216024
216048 67 216264
216288 72 216504
216528 79 216984
217008 67 217224
217248 72 217464
217488 79 217704
217728 89,86 217944
217968 88,84 218184
218208 86,83 218640
218688 76 218796
218808 81 218916
218928 83 219036
