0 79 432
480 79 912
960 77 1176
1200 79 1416
1440 80 1872
1920 79 2352
2400 79 3264
3360 77 3576
3600 75 3816
3840 84 4272
4320 84,75 4536
4560 82 4776
4800 80 5232
5280 75 5712
5760 79,70 7056
7200 79 7632
7680 77,70 8112
8160 79,70 8592
8640 77 9072
9120 77,70 9336
9360 75 9576
9600 75,72 10032
10080 75 10296
10320 74 10536
10560 75 10992
11040 75,72 11256
11280 74 11496
11520 72 11952
12000 75 12648
12720 70 12936
12960 75 13176
13200 74 13416
13440 75 13872
13920 77 14352
14400 79,70 14832
14880 77 15312
15360 79 15792
15840 79 16272
16320 77 16536
16560 79 16776
16800 80 17232
17280 79 17712
17760 79 18624
18720 77 18936
18960 75 19176
19200 84,75 19632
19680 84,75 19896
19920 82 20136
20160 80 20592
20640 75 21072
21120 79,70 22416
22560 79 22992
23040 77,74 23256
23280 79 23496
23520 80 24384
24480 79 24696
24720 77 24936
24960 77,72 25392
25440 75 25656
25680 74 25896
25920 75,72 26352
26400 75 26616
26640 74 26856
26880 75,72 27312
27360 77 28008
28080 72 28296
28320 75 28536
28560 74 28776
28800 75 29232
29280 77 29712
29760 79 30192
30240 80 30672
30720 82,75 31152
31200 82,75 31632
31680 80,74 31896
31920 82 32136
32160 80 32592
32640 79,72 33072
33120 79,72 33768
33840 75 34056
34080 77 34296
34320 75 34536
34560 84,75 34992
35040 84,75 35256
35280 82 35496
35520 80,77 35952
36000 75 36432
36480 79,70 37776
37920 79 38352
38400 77,74 38616
38640 79 38856
38880 80 39264
39600 79,74 40056
40080 77 40296
40320 77,72 40752
40800 75 41016
41040 74 41256
41280 75,72 41712
41760 75 41976
42000 74 42216
42240 75,72 42672
42720 77 43368
43440 70 43656
43680 75 43896
43920 74 44136
44160 75,72 44592
44640 77 45072
45120 79 45552
45600 77 46032
46080 75 46512
46560 75 46992
47040 75 47472
47520 75 47736
47760 74 47976
48000 75 49656
49680 75 49896
49920 87 50136
50160 79 50376
50400 87 50616
50640 79 50856
50880 87 51096
51120 79 51336
51360 87 51576
51600 86 51816
51840 87 53568
54480 75 54696
54720 70 55368
55440 74 55656
55680 75 57336
57360 75 57576
57600 68 58032
58080 87 58296
58320 75 58536
58560 87 58776
58800 75 59016
59040 87 59256
59280 86 59496
59520 87 61248
61440 79 61656
61680 72 61896
61920 72 62136
62160 84 62376
62400 79 62616
62640 72 62856
62880 72 63096
63120 84 63336
63360 79 63576
63600 72 63816
63840 72 64056
64080 77 64296
64320 79 65184
65280 79 65496
65520 72 65736
65760 72 65976
66000 84 66216
66240 79 66456
66480 72 66696
66720 72 66936
66960 84 67176
67200 79 67416
67440 72 67656
67680 72 67896
67920 77 68136
68160 75 69024
69120 79 69336
69360 72 69576
69600 72 69816
69840 84 70056
70080 79 70296
70320 72 70536
70560 72 70776
70800 84 71016
71040 79 71256
71280 72 71496
71520 72 71736
71760 77 71976
72000 79 72864
72960 91 73176
73200 84 73416
73440 84 73656
73680 96 73896
73920 91 74136
74160 84 74376
74400 84 74616
74640 96 74856
74880 91 75096
75120 84 75336
75360 84 75576
75600 89 75816
75840 87 76704
76800 75 77016
77040 75 77148
77160 74 77268
77280 75 77496
77520 77 77736
77760 79 77976
78000 79 78108
78120 77 78228
78240 79 78456
78480 80 78696
78720 82 78936
78960 80 79176
79200 79 79416
79440 80 79656
79680 79 80544
80640 75 80856
80880 75 80988
81000 74 81108
81120 75 81336
81360 77 81576
81600 79 81816
81840 79 81948
81960 77 82068
82080 79 82296
82320 80 82536
82560 79 82776
82800 77 83016
83040 77 83256
83280 75 83496
83520 75 84384
84480 75 84696
84720 74 84936
84960 75 85176
85200 77 85416
85440 79 85656
85680 77 85896
85920 79 86136
86160 80 86376
86400 82,74 86616
86640 80 86856
86880 79 87096
87120 80 87264
87360 79,75 88224
88320 87 88536
88560 86 88776
88800 87 89016
89040 89 89256
89280 91 89496
89520 91 89628
89640 89 89748
89760 91 89976
90000 92 90216
90240 91 90456
90480 89 90696
90720 89 90936
90960 87 91176
91200 87 92064
92160 79 92376
92400 72 92616
92640 72 92856
92880 84 93096
93120 79 93336
93360 72 93576
93600 72 93816
93840 84 94056
94080 79 94296
94320 72 94536
94560 72 94776
94800 77 95016
95040 79,70 95904
96000 79 96216
96240 72 96456
96480 72 96696
96720 84 96936
96960 79 97176
97200 72 97416
97440 72 97656
97680 84 97896
97920 79 98136
98160 72 98376
98400 72 98616
98640 77 98856
98880 75 99744
99840 79 100056
100080 72 100296
100320 72 100536
100560 84 100776
100800 79 101016
101040 72 101256
101280 72 101496
101520 84 101736
101760 79 101976
102000 72 102216
102240 72 102456
102480 77 102696
102720 79 103584
103680 91 103896
103920 84 104136
104160 84 104376
104400 96 104616
104640 91 104856
104880 84 105096
105120 84 105336
105360 96 105576
105600 91 105816
105840 84 106056
106080 84 106296
106320 89 106536
106560 87 107424
108000 75 108432
108480 75 108912
108960 75 109176
109200 74 109416
109440 75 111168
111360 87 111576
111600 75 111816
111840 87 112056
112080 75 112296
112320 87 112536
112560 75 112776
112800 87 113016
113040 86 113256
113280 87,79 115008
115200 79 115632
115680 79 116112
116160 77 116376
116400 79 116616
116640 80 117072
117120 79 117552
117600 79 118464
118560 77 118776
118800 75 119016
119040 84,75 119472
119520 84,75 119736
119760 82 119976
120000 80 120432
120480 75 120912
120960 79,70 122256
122400 79 122832
122880 77,74 123096
123120 79 123336
123360 80 124224
124320 79,74 124536
124560 77 124776
124800 77,72 125232
125280 75 125496
125520 74 125736
125760 75 126192
126240 75,72 126456
126480 74 126696
126720 72 127152
127200 75 127848
127920 70 128136
128160 75 128376
128400 74 128616
128640 75,70 129072
129120 77,70 129552
129600 79,70 130032
130080 80 130512
130560 82,75 130992
131040 82,75 131472
131520 80,74 131736
131760 82 131976
132000 80,74 132432
132480 79,72 132912
132960 79,72 133824
133920 77 134136
134160 75 134376
134400 84,75 134832
134880 84,75 135096
135120 82 135336
135360 80 135792
135840 75 136272
136320 79,70 137616
137760 79 138192
138240 77,74 138456
138480 79 138696
138720 80 139584
139680 79 139896
139920 77 140136
140160 77,72 140592
140640 75 140856
140880 74 141096
141120 75 141552
141600 75 141816
141840 74 142056
142080 75 142512
142560 77 143208
143280 70 143496
143520 75 143736
143760 74 143976
144000 75,70 144432
144480 77 144912
144960 79 145392
145440 77 145872
145920 75 146352
146400 75 146832
146880 75 147312
147360 75 147792
147840 75 149568
149760 87,79 150192
150240 87,79 150672
150720 87,77 151152
151200 87,77 151632
151680 87,79 153408
153600 75 154032
154080 75 154512
154560 75 154992
155040 75 155256
155280 74 155496
155520 75 157248
157440 87 157656
157680 75 157896
157920 87 158136
158160 75 158376
158400 87 158616
158640 75 158856
158880 87 158988
159000 77 159108
159120 86,74 159336
159360 87,82,79,75 160224
