0 65 216
240 55 456
480 58 696
720 65 1176
1200 55 1416
1440 58 1656
1680 65 2136
2160 55 2376
2400 58 2616
2640 65 3096
3120 55 3552
3600 58 3816
4080 58 4512
4560 58 4992
5040 58 5472
5520 58 5736
6000 60 6432
6480 62 6912
6960 63 7392
7440 67 7656
7680 77 7896
7920 67 8136
8160 70 8376
8400 77 8856
8880 67 9096
9120 70 9336
9360 77 9816
9840 67 10056
10080 70 10296
10320 77 10776
10800 67 11016
11040 74 11256
11280 75 11496
11760 77 12624
12720 58 12936
12960 55 13176
13200 58 13416
14640 62 14856
14880 55 15312
15600 65,58 15816
15840 65,58 16056
16080 65,58 16296
16320 65,58 16536
16560 60 16776
16800 60 17016
17040 60 17256
17520 65,58 17736
17760 65,58 17976
18000 65,58 18216
18240 65,58 18456
18480 60 18696
18720 62 18936
18960 63 19176
19440 62 20304
20400 62 20832
20880 57 21096
22080 58 22296
22320 62 22752
22800 55 23016
23280 65,55 23496
23520 65,55 23736
23760 65,55 23976
24000 65,55 24216
24240 60 24456
24480 60 24696
24720 60 24936
25200 65,60,58 25416
25440 65,60,58 25656
25680 65,60,58 25896
25920 65,60,58 26136
26160 60 26376
26400 62 26616
26640 63 26856
27120 65 27768
27840 58 28056
28080 60 28296
28320 62 28536
28560 63 28776
29760 55 29976
30000 57 30216
30240 58 30456
30480 65 30696
31920 63,55 32136
32160 62 32376
32400 60 34368
34560 62,54 34992
35040 63 35256
35280 62 35712
35760 60 36192
36240 58 38208
38640 65,58 38856
38880 65,58 39096
39120 65,58 39336
39360 65,58 39576
39600 60 39816
39840 60 40056
40080 60 40296
40560 65,57 40776
40800 65,57 41016
41040 65,57 41256
41280 65,57 41496
41520 60 41736
41760 62 41976
42000 63 42216
42480 62 43128
43200 58 43416
43440 62 43656
43680 67 43896
43920 69 44136
44160 70 45888
46320 77,70 46536
46560 77,70 46776
46800 77,70 47016
47040 77,70 47256
47280 72 47496
47520 72 47736
47760 72 47976
48240 77,69 48456
48480 77,69 48696
48720 77,69 48936
48960 77,75,69 49176
49200 72 49416
49440 74 49656
49680 75 49896
50160 74 50808
50880 58 51096
51120 62 51336
51360 67 51576
51600 67 51816
51840 69 52056
52080 70 52296
52320 69 52536
52560 67 52776
52800 62 53016
53040 58 53256
53280 60 53712
54000 77,70 54216
54240 77,70 54456
54480 77,70 54696
54720 77,70 54936
54960 72 55176
55200 72 55416
55440 72 55656
55920 77,69 56136
56160 77,69 56376
56400 77,69 56616
56640 77,69 56856
56880 72 57096
57120 74 57336
57360 75 57576
57840 77,67 59136
59280 74,70,67 59496
59760 75,70,67 60192
60240 74,70,67 60456
60480 67 60696
60720 69 60936
60960 70 61176
61200 77,67 62304
62640 75 62856
62880 74 63096
63120 72 65088
65280 81 65712
65760 74 65976
66000 72 66432
66480 74 66912
66960 72 67848
67920 70,67,62 68784
69360 77,70 69576
69600 77,70 69816
69840 77,70 70056
70080 77,70 70296
70320 72,70 70536
70560 72,70 70776
70800 72,70 71016
71280 77,69 71496
71520 77,69 71736
71760 77,69 71976
72000 77,69 72216
72240 72 72456
72480 74 72696
72720 77 72936
73200 79,74,71 73848
73920 59 74136
74160 62 74376
74400 67 74616
74640 79,74,71,71 74856
76320 77,70 76536
76560 77,70 76776
77280 70,63 77496
77520 70,63 77736
78240 77,70 78456
78480 77,70 78696
79200 72,65 79416
79440 72,65 79656
80160 70 80376
80400 72 80616
80640 74,70,65 81072
81120 74,70,65 81336
81360 74,70,65 81792
81840 72 82272
82320 70 82536
82560 74,70,67 82992
83040 77,67 83256
83280 77,67 83712
84000 77,67 84216
84240 77,67 84456
84960 70,67 85176
85200 70,67 85416
85680 67 85896
85920 77,67 86136
86160 77,67 86376
86880 72,69 87096
87120 72,69 87336
87600 74 87816
87840 75 88056
88080 74 89616
90000 62 90216
90240 69,66,62 90888
90960 62 91176
91200 69,66,62 91632
91680 77,69 91896
91920 77,69 92136
92640 70,67 92856
92880 70,67 93096
93360 67 93576
93600 77,70 93816
93840 77,70 94056
94560 72,69 94776
94800 72,69 95016
95280 69 95496
95520 70 95736
95760 72 95976
96000 74,70,67 96432
96480 74,70,67 96696
96720 74,70,67 97152
97200 82,79,74 97632
97680 74 97896
97920 81,77,74 98568
98640 77,69 99072
99120 67 99336
99360 77,67 99576
99600 77,67 99816
100320 70,67 100536
100560 70,67 100776
101040 67 101256
101280 77,70 101496
101520 77,70 101736
102240 72,69 102456
102480 72,69 102696
102960 70 103176
103200 72 103416
103440 70,62 105408
106560 74 106776
106800 72 107016
107040 70 107256
107280 69 107496
107520 70 108696
108720 70 109152
109200 65 109416
109440 72,65 110304
110400 74,65 110616
110640 72 110856
110880 70 111096
111120 69 111336
111360 70,63 112536
112560 70,63 112992
113040 62 113256
113280 69,60 114144
114240 74,65 114456
114480 72 114696
114720 70 114936
114960 69 115176
115200 70,67,62 116376
116400 70,67,62 116832
116880 67 117096
117120 72,65 117768
117840 79,72 118272
118320 77,72 118752
118800 67 119016
119040 74,67 120768
121920 74 122136
122160 72 122376
122400 70 122616
122640 69 122856
122880 70,63 124056
124080 70,63 124512
124560 65 124776
124800 72,65 125664
125760 74,65 125976
126000 72 126216
126240 70 126456
126480 69 126696
126720 70,63 127896
127920 70,63 128352
128400 62 128616
128640 69,62 129504
129600 74,65 129816
129840 72 130056
130080 70 130296
130320 69 130536
130560 70,63 131736
131760 70,63 132192
132240 65 132456
132480 72,65 133128
133200 79,72 133632
133680 77,72 134112
134160 72 134376
134400 79,74,71 135264
135360 59 135576
135600 62 135816
135840 67 136056
136080 79,74,71,71 136296
137760 77,70 137976
138000 77,70 138216
138720 70,63 138936
138960 70,63 139176
139680 77,70 139896
139920 77,70 140136
140640 72,65 140856
140880 72,65 141096
141600 70 141816
141840 72 142056
142080 74,70,65 142512
142560 74,70,65 142776
142800 74,70,65 143232
143280 72 143712
143760 70 143976
144000 74,70,67 144432
144480 77,67 144696
144720 77,67 145152
145440 77,67 145656
145680 77,67 145896
146400 70,67 146616
146640 70,67 146856
147120 67 147336
147360 77,67 147576
147600 77,67 147816
148320 72,69 148536
148560 72,69 148776
149040 74 149256
149280 75 149496
149520 74 151056
151440 62 151656
151680 69,66,62 152328
152400 62 152616
152640 69,66,62 153072
153120 77,69 153336
153360 77,69 153576
154080 70,67 154296
154320 70,67 154536
154800 67 155016
155040 77,70 155256
155280 77,70 155496
156000 72,69 156216
156240 72,69 156456
156720 69 156936
156960 70 157176
157200 72 157416
157440 74,70,67 157872
157920 74,70,67 158136
158160 74,70,67 158592
158640 82,79,74 159072
159120 74 159336
159360 81,77,74 160008
160080 77,69 160512
160560 67 160776
160800 77,67 161016
161040 77,67 161256
161760 70,67 161976
162000 70,67 162216
162480 67 162696
162720 77,70 162936
162960 77,70 163176
163680 72,69 163896
163920 72,69 164136
164400 70 164616
164640 72 164856
164880 70,62 166848
168288 91,79 168504
168528 91,79 168744
169248 84,79 169464
169488 84,79 169704
170208 91,79 170424
170448 91,79 170664
171168 74,67 171384
171408 74,67 171624
171888 67 172104
172128 72 172344
172368 74 172584
172608 76,67 173040
173088 76,67 173304
173328 76,67 173760
173808 74,67 174240
174288 67 174504
174528 76,69 174960
175008 79,69 175224
175248 79,69 175680
175968 91 176184
176208 91 176424
176928 84,79 177144
177168 84,79 177384
177888 91,79 178104
178128 91,79 178344
178848 74,67 179064
179088 74,67 179304
179568 76 179784
179808 77,67 180024
180048 76,67 181152
181488 64,60 181920
181968 60,55 182184
182208 71,68,64 182856
182928 64 183144
183168 71,68 183600
183648 79,67 183864
183888 79,67 184104
184608 72,67 184824
184848 72,67 185064
185328 67 185544
185568 79,67 185784
185808 79,67 186024
186528 74,67 186744
186768 74,67 186984
187248 67 187464
187488 72 187704
187728 74 187944
187968 76,69 188400
188448 76,69 188664
188688 76,69 189120
189168 84,76 189600
189648 76 189864
189888 83,76 190536
190608 79,71 191040
191088 71 191304
191328 79,71 191544
191568 79,71 191784
192288 72,69 192504
192528 72,69 192744
193008 69 193224
193248 79,69 193464
193488 79,69 193704
194208 74,67 194424
194448 74,67 194664
194928 72,67 195144
195168 74,67 195384
195408 72,67 196512
196848 64,60 197064
197328 64 197544
197568 72,69,64 198432
198528 76,69,64 198744
198768 69 198984
199008 79,67 199224
199248 79,67 199464
199968 72,67 200184
200208 72,67 200424
200688 67 200904
200928 79,67 201144
201168 79,67 201384
201888 74,67 202104
202128 74,67 202344
202608 72,67 202824
202848 74,67 203064
203088 72,67 204624
204768 60 204984
205008 62 205224
205248 64,60,55 206976
207168 79 207384
207408 67 207624
207648 72 207864
207888 79 208344
208368 67 208584
208608 72 208824
208848 79 209304
209328 67 209544
209568 72 209784
209808 79 210264
210288 67 210720
210768 72 210984
211248 72 211680
211728 72 212160
212208 72 212640
212688 72,69 212904
213408 74,71 213840
213888 76,72 214320
214368 74,71 214800
214848 79 215064
215088 67 215304
215328 72 215544
215568 79 216024
216048 67 216264
216288 72 216504
216528 79 216984
217008 67 217224
217248 72 217464
217488 79 217704
217728 89,86 217944
217968 88,84 218184
218208 86,83 218640
218688 76 218796
218808 81 218916
218928 83 219036
219048 84 219156
219168 86 219276
219288 88 219396
219408 93 219624
219648 95 220080
220128 96 220560
