0 79 432 0
0 51 216 1
240 58 456 1
480 79 912 0
480 63 696 1
720 58 936 1
960 77 1176 0
960 50 1176 1
1200 79 1416 0
1200 58 1416 1
1440 80 1872 0
1440 62 1656 1
1680 58 1896 1
1920 79 2352 0
1920 48 2136 1
2160 55 2376 1
2400 79 3264 0
2400 63 2616 1
2640 55 2856 1
2880 60 3312 1
3360 77 3576 0
3360 63 3792 1
3600 75 3816 0
3840 84 4272 0
3840 44 4056 1
4080 51 4296 1
4320 84,75 4536 0
4320 56 4752 1
4560 82 4776 0
4800 80 5232 0
4800 46 5016 1
5040 53 5256 1
5280 75 5712 0
5280 58 5712 1
5760 79,70 7056 0
5760 51 5976 1
6000 58 6216 1
6240 63 6456 1
6480 65 6696 1
6720 67 7152 1
7200 79 7632 0
7200 63 7632 1
7680 77,70 8112 0
7680 55 7896 1
7920 62 8136 1
8160 79,70 8592 0
8160 67 8376 1
8400 62 8832 1
8640 77 9072 0
8880 62 9096 1
9120 77,70 9336 0
9120 55 9552 1
9360 75 9576 0
9600 75,72 10032 0
9600 48 9816 1
9840 55 10056 1
10080 75 10296 0
10080 63 10512 1
10320 74 10536 0
10560 75 10992 0
10560 46 10776 1
10800 55 11016 1
11040 75,72 11256 0
11040 60 11472 1
11280 74 11496 0
11520 72 11952 0
11520 44 11736 1
11760 51 11976 1
12000 75 12648 0
12000 56 12216 1
12240 60 12456 1
12480 63 12912 1
12720 70 12936 0
12960 75 13176 0
12960 56 13392 1
13200 74 13416 0
13440 75 13872 0
13440 46 13656 1
13680 53 13896 1
13920 77 14352 0
13920 58 14136 1
14160 60 14376 1
14400 79,70 14832 0
14400 62 14832 1
14880 77 15312 0
14880 60 15312 1
15360 79 15792 0
15360 51 15576 1
15600 58 15816 1
15840 79 16272 0
15840 63 16056 1
16080 58 16296 1
16320 77 16536 0
16320 50 16536 1
16560 79 16776 0
16560 58 16776 1
16800 80 17232 0
16800 62 17016 1
17040 58 17256 1
17280 79 17712 0
17280 48 17496 1
17520 55 17736 1
17760 79 18624 0
17760 60 17976 1
18000 62 18216 1
18240 63 18672 1
18720 77 18936 0
18720 60 19152 1
18960 75 19176 0
19200 84,75 19632 0
19200 44 19416 1
19440 51 19656 1
19680 84,75 19896 0
19680 56 20112 1
19920 82 20136 0
20160 80 20592 0
20160 58 20376 1
20400 65 20616 1
20640 75 21072 0
20640 70 21072 1
21120 79,70 22416 0
21120 51 21336 1
21360 58 21576 1
21600 63 21816 1
21840 65 22056 1
22080 67 22512 1
22560 79 22992 0
22560 51 22992 1
23040 77,74 23256 0
23040 55 23256 1
23280 79 23496 0
23280 62 23496 1
23520 80 24384 0
23520 65 23736 1
23760 67 23976 1
24000 71 24432 1
24480 79 24696 0
24480 55 24912 1
24720 77 24936 0
24960 77,72 25392 0
24960 48 25176 1
25200 55 25416 1
25440 75 25656 0
25440 60 25872 1
25680 74 25896 0
25920 75,72 26352 0
25920 46 26136 1
26160 55 26376 1
26400 75 26616 0
26400 60 26832 1
26640 74 26856 0
26880 75,72 27312 0
26880 44 27096 1
27120 51 27336 1
27360 77 28008 0
27360 56 27576 1
27600 60 27816 1
27840 63 28272 1
28080 72 28296 0
28320 75 28536 0
28320 44 28752 1
28560 74 28776 0
28800 75 29232 0
28800 46 29016 1
29040 53 29256 1
29280 77 29712 0
29280 58 29496 1
29520 53 29736 1
29760 79 30192 0
29760 48 30192 1
30240 80 30672 0
30240 50 30672 1
30720 82,75 31152 0
30720 51 30936 1
30960 58 31176 1
31200 82,75 31632 0
31200 63 31416 1
31440 58 31656 1
31680 80,74 31896 0
31680 50 31896 1
31920 82 32136 0
31920 58 32136 1
32160 80 32592 0
32160 62 32376 1
32400 58 32616 1
32640 79,72 33072 0
32640 48 32856 1
32880 55 33096 1
33120 79,72 33768 0
33120 60 33336 1
33360 62 33576 1
33600 63 34032 1
33840 75 34056 0
34080 77 34296 0
34080 60 34512 1
34320 75 34536 0
34560 84,75 34992 0
34560 44 34776 1
34800 51 35016 1
35040 84,75 35256 0
35040 58 35472 1
35280 82 35496 0
35520 80,77 35952 0
35520 46 35736 1
35760 53 35976 1
36000 75 36432 0
36000 58 36216 1
36240 53 36456 1
36480 79,70 37776 0
36480 51 36696 1
36720 58 36936 1
36960 63 37176 1
37200 65 37416 1
37440 67 37656 1
37680 58 37896 1
37920 79 38352 0
37920 51 38352 1
38400 77,74 38616 0
38400 55 38616 1
38640 79 38856 0
38640 62 38856 1
38880 80 39264 0
38880 65 39096 1
39120 67 39336 1
39360 71 39792 1
39600 79,74 40056 0
39840 55 40272 1
40080 77 40296 0
40320 77,72 40752 0
40320 48 40536 1
40560 55 40776 1
40800 75 41016 0
40800 60 41232 1
41040 74 41256 0
41280 75,72 41712 0
41280 46 41496 1
41520 55 41736 1
41760 75 41976 0
41760 60 42192 1
42000 74 42216 0
42240 75,72 42672 0
42240 44 42456 1
42480 51 42696 1
42720 77 43368 0
42720 56 42936 1
42960 60 43176 1
43200 63 43632 1
43440 70 43656 0
43680 75 43896 0
43680 44 44112 1
43920 74 44136 0
44160 75,72 44592 0
44160 46 44376 1
44400 53 44616 1
44640 77 45072 0
44640 58 44856 1
44880 60 45096 1
45120 79 45552 0
45120 62 45552 1
45600 77 46032 0
45600 60 46032 1
46080 75 46512 0
46080 51 46296 1
46320 58 46536 1
46560 75 46992 0
46560 63 46776 1
46800 58 47016 1
47040 75 47472 0
47040 50 47256 1
47280 58 47496 1
47520 75 47736 0
47520 62 47736 1
47760 74 47976 0
47760 58 47976 1
48000 75 49656 0
48000 48 48216 1
48240 55 48456 1
48480 60 48696 1
48720 62 48936 1
48960 67 49392 1
49440 60 49872 1
49680 75 49896 0
49920 87 50136 0
49920 63 50136 1
50160 79 50376 0
50160 70 50376 1
50400 87 50616 0
50400 75 50616 1
50640 79 50856 0
50640 70 50856 1
50880 87 51096 0
50880 62 51096 1
51120 79 51336 0
51120 70 51336 1
51360 87 51576 0
51360 74 51792 1
51600 86 51816 0
51840 87 53568 0
51840 60 52056 1
52080 67 52296 1
52320 72 52536 1
52560 74 52776 1
52800 75 53232 1
53280 67 53712 1
53760 56 53976 1
54000 63 54216 1
54240 68 54672 1
54480 75 54696 0
54720 70 55368 0
54720 58 54936 1
54960 65 55176 1
55200 70 55632 1
55440 74 55656 0
55680 75 57336 0
55680 51 55896 1
55920 58 56136 1
56160 63 56376 1
56400 65 56616 1
56640 67 57072 1
57120 58 57552 1
57360 75 57576 0
57600 68 58032 0
57600 56 57816 1
57840 63 58056 1
58080 87 58296 0
58080 68 58512 1
58320 75 58536 0
58560 87 58776 0
58560 58 58776 1
58800 75 59016 0
58800 65 59016 1
59040 87 59256 0
59040 70 59472 1
59280 86 59496 0
59520 87 61248 0
59520 51 59736 1
59760 58 59976 1
60000 63 60216 1
60240 58 60456 1
60480 51 60696 1
60720 58 60936 1
60960 50 61176 1
61200 59 61416 1
61440 79 61656 0
61440 48 61656 1
61680 72 61896 0
61680 55 61896 1
61920 72 62136 0
61920 60 62352 1
62160 84 62376 0
62400 79 62616 0
62400 44 62616 1
62640 72 62856 0
62640 51 62856 1
62880 72 63096 0
62880 56 63312 1
63120 84 63336 0
63360 79 63576 0
63360 46 63576 1
63600 72 63816 0
63600 53 63816 1
63840 72 64056 0
63840 58 64272 1
64080 77 64296 0
64320 79 65184 0
64320 51 64536 1
64560 58 64776 1
64800 62 65016 1
65040 58 65256 1
65280 79 65496 0
65280 48 65496 1
65520 72 65736 0
65520 55 65736 1
65760 72 65976 0
65760 63 66192 1
66000 84 66216 0
66240 79 66456 0
66240 44 66456 1
66480 72 66696 0
66480 51 66696 1
66720 72 66936 0
66720 60 67152 1
66960 84 67176 0
67200 79 67416 0
67200 46 67416 1
67440 72 67656 0
67440 53 67656 1
67680 72 67896 0
67680 58 68112 1
67920 77 68136 0
68160 75 69024 0
68160 51 68376 1
68400 58 68616 1
68640 63 68856 1
68880 65 69096 1
69120 79 69336 0
69120 48 69336 1
69360 72 69576 0
69360 55 69576 1
69600 72 69816 0
69600 63 70032 1
69840 84 70056 0
70080 79 70296 0
70080 44 70296 1
70320 72 70536 0
70320 51 70536 1
70560 72 70776 0
70560 60 70992 1
70800 84 71016 0
71040 79 71256 0
71040 46 71256 1
71280 72 71496 0
71280 53 71496 1
71520 72 71736 0
71520 58 71952 1
71760 77 71976 0
72000 79 72864 0
72000 51 72216 1
72240 58 72456 1
72480 50 72696 1
72720 58 72936 1
72960 91 73176 0
72960 48 73176 1
73200 84 73416 0
73200 55 73416 1
73440 84 73656 0
73440 60 73872 1
73680 96 73896 0
73920 91 74136 0
73920 44 74136 1
74160 84 74376 0
74160 51 74376 1
74400 84 74616 0
74400 56 74832 1
74640 96 74856 0
74880 91 75096 0
74880 46 75096 1
75120 84 75336 0
75120 53 75336 1
75360 84 75576 0
75360 58 75792 1
75600 89 75816 0
75840 87 76704 0
75840 51 76056 1
76080 58 76296 1
76320 63 76536 1
76560 65 76776 1
76800 75 77016 0
76800 48 77016 1
77040 75 77148 0
77040 55 77256 1
77160 74 77268 0
77280 75 77496 0
77280 60 77712 1
77520 77 77736 0
77760 79 77976 0
77760 44 77976 1
78000 79 78108 0
78000 51 78216 1
78120 77 78228 0
78240 79 78456 0
78240 56 78456 1
78480 80 78696 0
78480 51 78696 1
78720 82 78936 0
78720 46 78936 1
78960 80 79176 0
78960 53 79176 1
79200 79 79416 0
79200 58 79416 1
79440 80 79656 0
79440 53 79656 1
79680 79 80544 0
79680 51 79896 1
79920 58 80136 1
80160 63 80376 1
80400 62 80616 1
80640 75 80856 0
80640 48 80856 1
80880 75 80988 0
80880 55 81096 1
81000 74 81108 0
81120 75 81336 0
81120 60 81336 1
81360 77 81576 0
81360 55 81576 1
81600 79 81816 0
81600 44 81816 1
81840 79 81948 0
81840 51 82056 1
81960 77 82068 0
82080 79 82296 0
82080 56 82296 1
82320 80 82536 0
82320 51 82536 1
82560 79 82776 0
82560 46 82776 1
82800 77 83016 0
82800 53 83016 1
83040 77 83256 0
83040 58 83256 1
83280 75 83496 0
83280 53 83496 1
83520 75 84384 0
83520 51 83736 1
83760 58 83976 1
84000 63 84216 1
84240 62 84456 1
84480 75 84696 0
84480 48 84696 1
84720 74 84936 0
84720 55 84936 1
84960 75 85176 0
84960 63 85176 1
85200 77 85416 0
85200 55 85416 1
85440 79 85656 0
85440 44 85656 1
85680 77 85896 0
85680 51 85896 1
85920 79 86136 0
85920 56 86136 1
86160 80 86376 0
86160 51 86376 1
86400 82,74 86616 0
86400 46 86616 1
86640 80 86856 0
86640 53 86856 1
86880 79 87096 0
86880 58 87096 1
87120 80 87264 0
87120 53 87336 1
87360 79,75 88224 0
87360 51 87576 1
87600 58 87816 1
87840 63 88056 1
88080 62 88296 1
88320 87 88536 0
88320 60 88536 1
88560 86 88776 0
88560 67 88776 1
88800 87 89016 0
88800 72 89016 1
89040 89 89256 0
89040 67 89256 1
89280 91 89496 0
89280 56 89496 1
89520 91 89628 0
89520 63 89736 1
89640 89 89748 0
89760 91 89976 0
89760 68 89976 1
90000 92 90216 0
90000 63 90216 1
90240 91 90456 0
90240 58 90456 1
90480 89 90696 0
90480 65 90696 1
90720 89 90936 0
90720 70 90936 1
90960 87 91176 0
90960 65 91176 1
91200 87 92064 0
91200 51 91416 1
91440 58 91656 1
91680 63 91896 1
91920 67 92136 1
92160 79 92376 0
92160 48 92376 1
92400 72 92616 0
92400 55 92616 1
92640 72 92856 0
92640 60 93072 1
92880 84 93096 0
93120 79 93336 0
93120 44 93336 1
93360 72 93576 0
93360 51 93576 1
93600 72 93816 0
93600 56 94032 1
93840 84 94056 0
94080 79 94296 0
94080 46 94296 1
94320 72 94536 0
94320 53 94536 1
94560 72 94776 0
94560 58 94776 1
94800 77 95016 0
94800 53 95016 1
95040 79,70 95904 0
95040 51 95256 1
95280 58 95496 1
95520 50 95736 1
95760 58 95976 1
96000 79 96216 0
96000 48 96216 1
96240 72 96456 0
96240 55 96456 1
96480 72 96696 0
96480 63 96696 1
96720 84 96936 0
96720 55 96936 1
96960 79 97176 0
96960 44 97176 1
97200 72 97416 0
97200 51 97416 1
97440 72 97656 0
97440 60 97872 1
97680 84 97896 0
97920 79 98136 0
97920 46 98136 1
98160 72 98376 0
98160 53 98376 1
98400 72 98616 0
98400 58 98616 1
98640 77 98856 0
98640 53 98856 1
98880 75 99744 0
98880 51 99096 1
99120 58 99336 1
99360 62 99576 1
99600 58 99816 1
99840 79 100056 0
99840 48 100056 1
100080 72 100296 0
100080 55 100296 1
100320 72 100536 0
100320 63 100536 1
100560 84 100776 0
100560 55 100776 1
100800 79 101016 0
100800 44 101016 1
101040 72 101256 0
101040 51 101256 1
101280 72 101496 0
101280 60 101712 1
101520 84 101736 0
101760 79 101976 0
101760 46 101976 1
102000 72 102216 0
102000 53 102216 1
102240 72 102456 0
102240 58 102456 1
102480 77 102696 0
102480 53 102696 1
102720 79 103584 0
102720 51 102936 1
102960 58 103176 1
103200 63 103416 1
103440 67 103656 1
103680 91 103896 0
103680 60 103896 1
103920 84 104136 0
103920 67 104136 1
104160 84 104376 0
104160 75 104592 1
104400 96 104616 0
104640 91 104856 0
104640 56 104856 1
104880 84 105096 0
104880 63 105096 1
105120 84 105336 0
105120 72 105552 1
105360 96 105576 0
105600 91 105816 0
105600 58 105816 1
105840 84 106056 0
105840 65 106056 1
106080 84 106296 0
106080 70 106512 1
106320 89 106536 0
106560 87 107424 0
106560 51 106776 1
106800 58 107016 1
107040 63 107256 1
107280 67 107496 1
107520 56 107736 1
107760 63 107976 1
108000 75 108432 0
108000 68 108216 1
108240 63 108456 1
108480 75 108912 0
108480 58 108696 1
108720 65 108936 1
108960 75 109176 0
108960 70 109392 1
109200 74 109416 0
109440 75 111168 0
109440 51 109656 1
109680 58 109896 1
109920 63 110136 1
110160 65 110376 1
110400 67 110832 1
110880 65 111312 1
111360 87 111576 0
111360 56 111576 1
111600 75 111816 0
111600 63 111816 1
111840 87 112056 0
111840 68 112272 1
112080 75 112296 0
112320 87 112536 0
112320 58 112536 1
112560 75 112776 0
112560 65 112776 1
112800 87 113016 0
112800 70 113232 1
113040 86 113256 0
113280 87,79 115008 0
113280 51 113496 1
113520 58 113736 1
113760 63 113976 1
114000 65 114216 1
114240 67 115104 1
115200 79 115632 0
115200 51 115416 1
115440 58 115656 1
115680 79 116112 0
115680 63 115896 1
115920 58 116136 1
116160 77 116376 0
116160 50 116376 1
116400 79 116616 0
116400 58 116616 1
116640 80 117072 0
116640 62 117072 1
117120 79 117552 0
117120 48 117336 1
117360 55 117576 1
117600 79 118464 0
117600 63 117816 1
117840 55 118056 1
118080 60 118944 1
118560 77 118776 0
118800 75 119016 0
119040 84,75 119472 0
119040 44 119256 1
119280 51 119496 1
119520 84,75 119736 0
119520 60 119952 1
119760 82 119976 0
120000 80 120432 0
120000 46 120216 1
120240 53 120456 1
120480 75 120912 0
120480 58 120912 1
120960 79,70 122256 0
120960 51 121176 1
121200 58 121416 1
121440 63 121656 1
121680 65 121896 1
121920 67 122352 1
122400 79 122832 0
122400 58 122832 1
122880 77,74 123096 0
122880 55 123096 1
123120 79 123336 0
123120 62 123336 1
123360 80 124224 0
123360 65 123576 1
123600 67 123816 1
123840 71 124272 1
124320 79,74 124536 0
124320 55 124752 1
124560 77 124776 0
124800 77,72 125232 0
124800 48 125016 1
125040 55 125256 1
125280 75 125496 0
125280 63 125712 1
125520 74 125736 0
125760 75 126192 0
125760 46 125976 1
126000 55 126216 1
126240 75,72 126456 0
126240 60 126672 1
126480 74 126696 0
126720 72 127152 0
126720 44 126936 1
126960 51 127176 1
127200 75 127848 0
127200 56 127416 1
127440 60 127656 1
127680 63 128112 1
127920 70 128136 0
128160 75 128376 0
128160 44 128592 1
128400 74 128616 0
128640 75,70 129072 0
128640 46 128856 1
128880 53 129096 1
129120 77,70 129552 0
129120 58 129336 1
129360 60 129576 1
129600 79,70 130032 0
129600 62 130032 1
130080 80 130512 0
130080 60 130512 1
130560 82,75 130992 0
130560 51 130776 1
130800 58 131016 1
131040 82,75 131472 0
131040 63 131256 1
131280 58 131496 1
131520 80,74 131736 0
131520 50 131736 1
131760 82 131976 0
131760 58 131976 1
132000 80,74 132432 0
132000 62 132216 1
132240 58 132456 1
132480 79,72 132912 0
132480 48 132696 1
132720 55 132936 1
132960 79,72 133824 0
132960 60 133176 1
133200 55 133416 1
133440 63 133872 1
133920 77 134136 0
133920 55 134352 1
134160 75 134376 0
134400 84,75 134832 0
134400 44 134616 1
134640 51 134856 1
134880 84,75 135096 0
134880 60 135312 1
135120 82 135336 0
135360 80 135792 0
135360 46 135576 1
135600 53 135816 1
135840 75 136272 0
135840 58 136272 1
136320 79,70 137616 0
136320 51 136536 1
136560 58 136776 1
136800 63 137016 1
137040 65 137256 1
137280 67 137712 1
137760 79 138192 0
137760 58 138192 1
138240 77,74 138456 0
138240 55 138456 1
138480 79 138696 0
138480 62 138696 1
138720 80 139584 0
138720 65 138936 1
138960 67 139176 1
139200 71 139416 1
139440 74 139656 1
139680 79 139896 0
139680 55 140112 1
139920 77 140136 0
140160 77,72 140592 0
140160 48 140376 1
140400 55 140616 1
140640 75 140856 0
140640 63 141072 1
140880 74 141096 0
141120 75 141552 0
141120 46 141336 1
141360 55 141576 1
141600 75 141816 0
141600 60 142032 1
141840 74 142056 0
142080 75 142512 0
142080 44 142296 1
142320 51 142536 1
142560 77 143208 0
142560 56 142776 1
142800 60 143016 1
143040 63 143472 1
143280 70 143496 0
143520 75 143736 0
143520 60 143952 1
143760 74 143976 0
144000 75,70 144432 0
144000 46 144216 1
144240 53 144456 1
144480 77 144912 0
144480 58 144696 1
144720 60 144936 1
144960 79 145392 0
144960 62 145392 1
145440 77 145872 0
145440 60 145872 1
145920 75 146352 0
145920 51 146136 1
146160 58 146376 1
146400 75 146832 0
146400 63 146616 1
146640 58 146856 1
146880 75 147312 0
146880 50 147096 1
147120 58 147336 1
147360 75 147792 0
147360 62 147576 1
147600 58 147816 1
147840 75 149568 0
147840 48 148056 1
148080 55 148296 1
148320 60 148536 1
148560 62 148776 1
148800 63 149232 1
149280 60 149712 1
149760 87,79 150192 0
149760 63 149976 1
150000 70 150216 1
150240 87,79 150672 0
150240 75 150456 1
150480 70 150696 1
150720 87,77 151152 0
150720 62 150936 1
150960 70 151176 1
151200 87,77 151632 0
151200 74 151416 1
151440 70 151656 1
151680 87,79 153408 0
151680 60 151896 1
151920 67 152136 1
152160 72 152376 1
152400 75 152616 1
152640 79 153072 1
153120 67 153552 1
153600 75 154032 0
153600 56 153816 1
153840 63 154056 1
154080 75 154512 0
154080 68 154296 1
154320 63 154536 1
154560 75 154992 0
154560 58 154776 1
154800 65 155016 1
155040 75 155256 0
155040 70 155472 1
155280 74 155496 0
155520 75 157248 0
155520 51 155736 1
155760 58 155976 1
156000 63 156216 1
156240 65 156456 1
156480 67 156912 1
156960 58 157392 1
157440 87 157656 0
157440 56 157656 1
157680 75 157896 0
157680 63 157896 1
157920 87 158136 0
157920 68 158136 1
158160 75 158376 0
158160 63 158376 1
158400 87 158616 0
158400 58 158616 1
158640 75 158856 0
158640 65 158856 1
158880 87 158988 0
158880 70 159312 1
159000 77 159108 0
159120 86,74 159336 0
159360 87,82,79,75 160224 0
159360 63,58,51 161088 1
