0 65 216 0
0 39 216 1
240 55 456 0
240 46 456 1
480 58 696 0
480 51 1344 1
720 65 1176 0
1200 55 1416 0
1440 58 1656 0
1440 39 1872 1
1680 65 2136 0
1920 41 2136 1
2160 55 2376 0
2160 48 2376 1
2400 58 2616 0
2400 53 3264 1
2640 65 3096 0
3120 55 3552 0
3360 41 3792 1
3600 58 3816 0
3840 43 4056 1
4080 58 4512 0
4080 50 4296 1
4320 55 5184 1
4560 58 4992 0
5040 58 5472 0
5280 55 5712 1
5520 58 5736 0
5760 43 5976 1
6000 60 6432 0
6000 50 6216 1
6240 55 6672 1
6480 62 6912 0
6720 43 7152 1
6960 63 7392 0
7200 41 7632 1
7440 67 7656 0
7680 77 7896 0
7680 39 7896 1
7920 67 8136 0
7920 46 8136 1
8160 70 8376 0
8160 51 8376 1
8400 77 8856 0
8400 55 8616 1
8640 58 9072 1
8880 67 9096 0
9120 70 9336 0
9120 51 9552 1
9360 77 9816 0
9600 41 9816 1
9840 67 10056 0
9840 48 10056 1
10080 70 10296 0
10080 53 10296 1
10320 77 10776 0
10320 57 10536 1
10560 60 10992 1
10800 67 11016 0
11040 74 11256 0
11040 53 11472 1
11280 75 11496 0
11520 43 11736 1
11760 77 12624 0
11760 50 11976 1
12000 55 12216 1
12240 57 13344 1
12720 58 12936 0
12960 55 13176 0
13200 58 13416 0
13440 43 13656 1
13680 50 13896 1
13920 55 14136 1
14160 60 15264 1
14640 62 14856 0
14880 55 15312 0
15360 39 15576 1
15600 65,58 15816 0
15600 46 15816 1
15840 65,58 16056 0
15840 51 16704 1
16080 65,58 16296 0
16320 65,58 16536 0
16560 60 16776 0
16800 60 17016 0
16800 39 17232 1
17040 60 17256 0
17280 41 17496 1
17520 65,58 17736 0
17520 48 17736 1
17760 65,58 17976 0
17760 53 18624 1
18000 65,58 18216 0
18240 65,58 18456 0
18480 60 18696 0
18720 62 18936 0
18720 41 19152 1
18960 63 19176 0
19200 43 19416 1
19440 62 20304 0
19440 50 19656 1
19680 55 19896 1
19920 58 20136 1
20400 62 20832 0
20640 50 21072 1
20880 57 21096 0
21120 43 21336 1
21360 50 21576 1
21600 55 21816 1
21840 57 22056 1
22080 58 22296 0
22320 62 22752 0
22560 41 22992 1
22800 55 23016 0
23040 39 23256 1
23280 65,55 23496 0
23280 46 23496 1
23520 65,55 23736 0
23520 51 24384 1
23760 65,55 23976 0
24000 65,55 24216 0
24240 60 24456 0
24480 60 24696 0
24480 39 24912 1
24720 60 24936 0
24960 41 25176 1
25200 65,60,58 25416 0
25200 48 25416 1
25440 65,60,58 25656 0
25440 53 26304 1
25680 65,60,58 25896 0
25920 65,60,58 26136 0
26160 60 26376 0
26400 62 26616 0
26400 41 26832 1
26640 63 26856 0
26880 43 27096 1
27120 65 27768 0
27120 50 27336 1
27360 55 27576 1
27600 57 27816 1
27840 58 28056 0
28080 60 28296 0
28320 62 28536 0
28320 55 28752 1
28560 63 28776 0
28800 43 29016 1
29040 50 29256 1
29280 55 29496 1
29520 57 29736 1
29760 55 29976 0
30000 57 30216 0
30240 58 30456 0
30240 51,39 30672 1
30480 65 30696 0
30720 48,36 30936 1
30960 43 31176 1
31200 48 31416 1
31440 50 31656 1
31680 51 32112 1
31920 63,55 32136 0
32160 62 32376 0
32160 48,36 32592 1
32400 60 34368 0
32640 53,41 32856 1
32880 48 33096 1
33120 53 33336 1
33360 55 33576 1
33600 57 34032 1
34080 53,41 34512 1
34560 62,54 34992 0
34560 50,38 34776 1
34800 45 35016 1
35040 63 35256 0
35040 50 35472 1
35280 62 35712 0
35520 54,42 35736 1
35760 60 36192 0
35760 48 35976 1
36000 54 36432 1
36240 58 38208 0
36480 43 36696 1
36720 50 36936 1
36960 55 37176 1
37200 57 37656 1
37680 58 37896 1
37920 43 38352 1
38400 39 38616 1
38640 65,58 38856 0
38640 46 38856 1
38880 65,58 39096 0
38880 51 39744 1
39120 65,58 39336 0
39360 65,58 39576 0
39600 60 39816 0
39840 60 40056 0
39840 39 40272 1
40080 60 40296 0
40320 41 40536 1
40560 65,57 40776 0
40560 48 40776 1
40800 65,57 41016 0
40800 53 41664 1
41040 65,57 41256 0
41280 65,57 41496 0
41520 60 41736 0
41760 62 41976 0
41760 41 42192 1
42000 63 42216 0
42240 43 42456 1
42480 62 43128 0
42480 50 42696 1
42720 55 42936 1
42960 57 43176 1
43200 58 43416 0
43440 62 43656 0
43680 67 43896 0
43680 55 43896 1
43920 69 44136 0
43920 50 44136 1
44160 70 45888 0
44160 43 45888 1
46080 51,39 46296 1
46320 77,70 46536 0
46320 46 46536 1
46560 77,70 46776 0
46560 51 46776 1
46800 77,70 47016 0
46800 55 47016 1
47040 77,70 47256 0
47040 58 47472 1
47280 72 47496 0
47520 72 47736 0
47520 51,39 47952 1
47760 72 47976 0
48000 53,41 48216 1
48240 77,69 48456 0
48240 48 48456 1
48480 77,69 48696 0
48480 53 48696 1
48720 77,69 48936 0
48720 57 48936 1
48960 77,75,69 49176 0
48960 60 49392 1
49200 72 49416 0
49440 74 49656 0
49440 53,41 49872 1
49680 75 49896 0
49920 55,43 50136 1
50160 74 50808 0
50160 50 50376 1
50400 55 50616 1
50640 57 50856 1
50880 58 51096 0
51120 62 51336 0
51360 67 51576 0
51360 55,43 51792 1
51600 67 51816 0
51840 69 52056 0
51840 43 52056 1
52080 70 52296 0
52080 50 52296 1
52320 69 52536 0
52320 55 52536 1
52560 67 52776 0
52560 57 52776 1
52800 62 53016 0
52800 58 53232 1
53040 58 53256 0
53280 60 53712 0
53280 53,41 53712 1
53760 51,39 53976 1
54000 77,70 54216 0
54000 46 54216 1
54240 77,70 54456 0
54240 51 54456 1
54480 77,70 54696 0
54480 55 54696 1
54720 77,70 54936 0
54720 58 55152 1
54960 72 55176 0
55200 72 55416 0
55200 51,39 55632 1
55440 72 55656 0
55680 53,41 55896 1
55920 77,69 56136 0
55920 48 56136 1
56160 77,69 56376 0
56160 53 56376 1
56400 77,69 56616 0
56400 57 56616 1
56640 77,69 56856 0
56640 60 57072 1
56880 72 57096 0
57120 74 57336 0
57120 53,41 57552 1
57360 75 57576 0
57600 55,43 57816 1
57840 77,67 59136 0
57840 50 58056 1
58080 55 58296 1
58320 57 58776 1
58800 62 59016 1
59040 58 59472 1
59280 74,70,67 59496 0
59520 43 59736 1
59760 75,70,67 60192 0
59760 50 59976 1
60000 55 60216 1
60240 74,70,67 60456 0
60240 57 60456 1
60480 67 60696 0
60720 69 60936 0
60960 70 61176 0
60960 51,39 61392 1
61200 77,67 62304 0
61440 48,36 61656 1
61680 43 61896 1
61920 48 62136 1
62160 50 62376 1
62400 51 62832 1
62640 75 62856 0
62880 74 63096 0
62880 48 63312 1
63120 72 65088 0
63360 41 63576 1
63600 48 63816 1
63840 53 64056 1
64080 55 64296 1
64320 57 64752 1
64800 51,39 65232 1
65280 81 65712 0
65280 50,38 65496 1
65520 45 65736 1
65760 74 65976 0
65760 50 66192 1
66000 72 66432 0
66240 54,42 66456 1
66480 74 66912 0
66480 50 66696 1
66720 54 67152 1
66960 72 67848 0
67200 55,43 67416 1
67440 50 67656 1
67680 55 67896 1
67920 70,67,62 68784 0
67920 57 68136 1
68160 58 68376 1
68400 62 68616 1
68640 55,43 69072 1
69120 51,39 69336 1
69360 77,70 69576 0
69360 46 69576 1
69600 77,70 69816 0
69600 51 69816 1
69840 77,70 70056 0
69840 55 70056 1
70080 77,70 70296 0
70080 58 70512 1
70320 72,70 70536 0
70560 72,70 70776 0
70560 51,39 70992 1
70800 72,70 71016 0
71040 53,41 71256 1
71280 77,69 71496 0
71280 48 71496 1
71520 77,69 71736 0
71520 53 71736 1
71760 77,69 71976 0
71760 57 71976 1
72000 77,69 72216 0
72000 60 72432 1
72240 72 72456 0
72480 74 72696 0
72480 53 72912 1
72720 77 72936 0
72960 43 73176 1
73200 79,74,71 73848 0
73200 50 73416 1
73440 55 73656 1
73680 57 73896 1
73920 59 74136 0
74160 62 74376 0
74400 67 74616 0
74400 47 74616 1
74640 79,74,71,71 74856 0
74640 50 74856 1
74880 43 76608 1
76320 77,70 76536 0
76560 77,70 76776 0
76800 51,39 77016 1
77040 46 77256 1
77280 70,63 77496 0
77280 51 77496 1
77520 70,63 77736 0
77520 55 77736 1
77760 58 77976 1
78000 63 78216 1
78240 77,70 78456 0
78240 51 78672 1
78480 77,70 78696 0
78720 53,41 78936 1
78960 48 79176 1
79200 72,65 79416 0
79200 53 79416 1
79440 72,65 79656 0
79440 57 79656 1
79680 60 79896 1
79920 65 80136 1
80160 70 80376 0
80160 53 80592 1
80400 72 80616 0
80640 74,70,65 81072 0
80640 58,46 81072 1
81120 74,70,65 81336 0
81120 58 81336 1
81360 74,70,65 81792 0
81360 62 81576 1
81600 65 82032 1
81840 72 82272 0
82080 58,46 82512 1
82320 70 82536 0
82560 74,70,67 82992 0
82560 55,43 82776 1
82800 50 83016 1
83040 77,67 83256 0
83040 55 83256 1
83280 77,67 83712 0
83280 58 83496 1
83520 62 83736 1
83760 67 83976 1
84000 77,67 84216 0
84000 55,43 84432 1
84240 77,67 84456 0
84480 51,39 84696 1
84720 46 84936 1
84960 70,67 85176 0
84960 51 85176 1
85200 70,67 85416 0
85200 55 85416 1
85440 58 85872 1
85680 67 85896 0
85920 77,67 86136 0
85920 51,39 86352 1
86160 77,67 86376 0
86400 53,41 86616 1
86640 48 86856 1
86880 72,69 87096 0
86880 53 87096 1
87120 72,69 87336 0
87120 57 87336 1
87360 60 87792 1
87600 74 87816 0
87840 75 88056 0
87840 53,41 88272 1
88080 74 89616 0
88320 58,46 88536 1
88560 53 88776 1
88800 58 89016 1
89040 62 89256 1
89280 65 89712 1
89760 58,46 90192 1
90000 62 90216 0
90240 69,66,62 90888 0
90240 50,38 90456 1
90480 45 90696 1
90720 50 91152 1
90960 62 91176 0
91200 69,66,62 91632 0
91200 54,42 91416 1
91440 50 91656 1
91680 77,69 91896 0
91680 54 92112 1
91920 77,69 92136 0
92160 51,39 92376 1
92400 46 92616 1
92640 70,67 92856 0
92640 51 92856 1
92880 70,67 93096 0
92880 55 93096 1
93120 58 93552 1
93360 67 93576 0
93600 77,70 93816 0
93600 51,39 94032 1
93840 77,70 94056 0
94080 53,41 94296 1
94320 48 94536 1
94560 72,69 94776 0
94560 53 94776 1
94800 72,69 95016 0
94800 57 95016 1
95040 60 95472 1
95280 69 95496 0
95520 70 95736 0
95520 53,41 95952 1
95760 72 95976 0
96000 74,70,67 96432 0
96000 55,43 96216 1
96240 50 96456 1
96480 74,70,67 96696 0
96480 55 96696 1
96720 74,70,67 97152 0
96720 58 96936 1
96960 62 97392 1
97200 82,79,74 97632 0
97440 55,43 97872 1
97680 74 97896 0
97920 81,77,74 98568 0
97920 50,38 98136 1
98160 45 98376 1
98400 50 98616 1
98640 77,69 99072 0
98640 53 98856 1
98880 57 99312 1
99120 67 99336 0
99360 77,67 99576 0
99360 50,38 99792 1
99600 77,67 99816 0
99840 51,39 100056 1
100080 46 100296 1
100320 70,67 100536 0
100320 51 100536 1
100560 70,67 100776 0
100560 55 100776 1
100800 58 101232 1
101040 67 101256 0
101280 77,70 101496 0
101280 51,39 101712 1
101520 77,70 101736 0
101760 53,41 101976 1
102000 48 102216 1
102240 72,69 102456 0
102240 53 102456 1
102480 72,69 102696 0
102480 57 102696 1
102720 60 103152 1
102960 70 103176 0
103200 72 103416 0
103200 53,41 103632 1
103440 70,62 105408 0
103680 46 103896 1
103920 53 104136 1
104160 58 104376 1
104400 62 104856 1
104880 58 105096 1
105120 53 105336 1
105360 50 105576 1
105600 46 107328 1
106560 74 106776 0
106800 72 107016 0
107040 70 107256 0
107280 69 107496 0
107520 70 108696 0
107520 43 107736 1
107760 50 107976 1
108000 55 108216 1
108240 57 108456 1
108480 58 108912 1
108720 70 109152 0
108960 55 109392 1
109200 65 109416 0
109440 72,65 110304 0
109440 53,41 109656 1
109680 48 109896 1
109920 53 110136 1
110160 57 110376 1
110400 74,65 110616 0
110400 60 110832 1
110640 72 110856 0
110880 70 111096 0
110880 53,41 111312 1
111120 69 111336 0
111360 70,63 112536 0
111360 51,39 111576 1
111600 46 111816 1
111840 51 112056 1
112080 55 112296 1
112320 58 112752 1
112560 70,63 112992 0
112800 51,39 113232 1
113040 62 113256 0
113280 69,60 114144 0
113280 53,41 113496 1
113520 48 113736 1
113760 53 113976 1
114000 57 114216 1
114240 74,65 114456 0
114240 60 114672 1
114480 72 114696 0
114720 70 114936 0
114720 53,41 115152 1
114960 69 115176 0
115200 70,67,62 116376 0
115200 55,43 115416 1
115440 50 115656 1
115680 55 115896 1
115920 58 116136 1
116160 62 116592 1
116400 70,67,62 116832 0
116640 55 117072 1
116880 67 117096 0
117120 72,65 117768 0
117120 53,41 117336 1
117360 48 117576 1
117600 53 117816 1
117840 79,72 118272 0
117840 57 118056 1
118080 60 118512 1
118320 77,72 118752 0
118560 53,41 118992 1
118800 67 119016 0
119040 74,67 120768 0
119040 43 119256 1
119280 50 119496 1
119520 55 119736 1
119760 57 119976 1
120000 58 120216 1
120240 62 120456 1
120480 57 120696 1
120720 58 120936 1
120960 43 121176 1
121200 50 121416 1
121440 55 121656 1
121680 57 121896 1
121920 74 122136 0
121920 55,43 122352 1
122160 72 122376 0
122400 70 122616 0
122400 53,41 122832 1
122640 69 122856 0
122880 70,63 124056 0
122880 51,39 123096 1
123120 46 123336 1
123360 51 123576 1
123600 55 123816 1
123840 58 124272 1
124080 70,63 124512 0
124320 51,39 124752 1
124560 65 124776 0
124800 72,65 125664 0
124800 53,41 125016 1
125040 48 125256 1
125280 53 125496 1
125520 57 125736 1
125760 74,65 125976 0
125760 60 126192 1
126000 72 126216 0
126240 70 126456 0
126240 53,41 126672 1
126480 69 126696 0
126720 70,63 127896 0
126720 51,39 126936 1
126960 46 127176 1
127200 51 127416 1
127440 55 127656 1
127680 58 128112 1
127920 70,63 128352 0
128160 51,39 128592 1
128400 62 128616 0
128640 69,62 129504 0
128640 50,38 128856 1
128880 45 129096 1
129120 50 129336 1
129360 53 129576 1
129600 74,65 129816 0
129600 57 130032 1
129840 72 130056 0
130080 70 130296 0
130080 50,38 130512 1
130320 69 130536 0
130560 70,63 131736 0
130560 48,36 130776 1
130800 43 131016 1
131040 48 131256 1
131280 51 131496 1
131520 55 131952 1
131760 70,63 132192 0
132000 48,36 132432 1
132240 65 132456 0
132480 72,65 133128 0
132480 53,41 132696 1
132720 48 132936 1
132960 53 133176 1
133200 79,72 133632 0
133200 57 133416 1
133440 60 133872 1
133680 77,72 134112 0
133920 53,41 134352 1
134160 72 134376 0
134400 79,74,71 135264 0
134400 43 134616 1
134640 50 134856 1
134880 55 135096 1
135120 57 135336 1
135360 59 135576 0
135600 62 135816 0
135840 67 136056 0
135840 45 136056 1
136080 79,74,71,71 136296 0
136080 47 136296 1
136320 43 138048 1
137760 77,70 137976 0
138000 77,70 138216 0
138240 51,39 138456 1
138480 46 138696 1
138720 70,63 138936 0
138720 51 138936 1
138960 70,63 139176 0
138960 55 139176 1
139200 58 139416 1
139440 63 139656 1
139680 77,70 139896 0
139680 51 140112 1
139920 77,70 140136 0
140160 53,41 140376 1
140400 48 140616 1
140640 72,65 140856 0
140640 53 140856 1
140880 72,65 141096 0
140880 57 141096 1
141120 60 141336 1
141360 65 141576 1
141600 70 141816 0
141600 53 142032 1
141840 72 142056 0
142080 74,70,65 142512 0
142080 58,46 142512 1
142560 74,70,65 142776 0
142560 58 142776 1
142800 74,70,65 143232 0
142800 62 143016 1
143040 65 143472 1
143280 72 143712 0
143520 58,46 143952 1
143760 70 143976 0
144000 74,70,67 144432 0
144000 55,43 144216 1
144240 50 144456 1
144480 77,67 144696 0
144480 55 144696 1
144720 77,67 145152 0
144720 58 144936 1
144960 62 145176 1
145200 67 145416 1
145440 77,67 145656 0
145440 55,43 145872 1
145680 77,67 145896 0
145920 51,39 146136 1
146160 46 146376 1
146400 70,67 146616 0
146400 51 146616 1
146640 70,67 146856 0
146640 55 146856 1
146880 58 147312 1
147120 67 147336 0
147360 77,67 147576 0
147360 51,39 147792 1
147600 77,67 147816 0
147840 53,41 148056 1
148080 48 148296 1
148320 72,69 148536 0
148320 53 148536 1
148560 72,69 148776 0
148560 57 148776 1
148800 60 149232 1
149040 74 149256 0
149280 75 149496 0
149280 53,41 149712 1
149520 74 151056 0
149760 58,46 149976 1
150000 53 150216 1
150240 58 150456 1
150480 62 150696 1
150720 65 151152 1
151200 58,46 151632 1
151440 62 151656 0
151680 69,66,62 152328 0
151680 50,38 151896 1
151920 45 152136 1
152160 50 152592 1
152400 62 152616 0
152640 69,66,62 153072 0
152640 54,42 152856 1
152880 50 153096 1
153120 77,69 153336 0
153120 54 153552 1
153360 77,69 153576 0
153600 51,39 153816 1
153840 46 154056 1
154080 70,67 154296 0
154080 51 154296 1
154320 70,67 154536 0
154320 55 154536 1
154560 58 154992 1
154800 67 155016 0
155040 77,70 155256 0
155040 51,39 155472 1
155280 77,70 155496 0
155520 53,41 155736 1
155760 48 155976 1
156000 72,69 156216 0
156000 53 156216 1
156240 72,69 156456 0
156240 57 156456 1
156480 60 156912 1
156720 69 156936 0
156960 70 157176 0
156960 53,41 157392 1
157200 72 157416 0
157440 74,70,67 157872 0
157440 55,43 157656 1
157680 50 157896 1
157920 74,70,67 158136 0
157920 55 158136 1
158160 74,70,67 158592 0
158160 58 158376 1
158400 62 158832 1
158640 82,79,74 159072 0
158880 55,43 159312 1
159120 74 159336 0
159360 81,77,74 160008 0
159360 50,38 159576 1
159600 45 159816 1
159840 50 160056 1
160080 77,69 160512 0
160080 53 160296 1
160320 57 160752 1
160560 67 160776 0
160800 77,67 161016 0
160800 50,38 161232 1
161040 77,67 161256 0
161280 51,39 161496 1
161520 46 161736 1
161760 70,67 161976 0
161760 51 161976 1
162000 70,67 162216 0
162000 55 162216 1
162240 58 162672 1
162480 67 162696 0
162720 77,70 162936 0
162720 51,39 163152 1
162960 77,70 163176 0
163200 53,41 163416 1
163440 48 163656 1
163680 72,69 163896 0
163680 53 163896 1
163920 72,69 164136 0
163920 57 164136 1
164160 60 164592 1
164400 70 164616 0
164640 72 164856 0
164640 53,41 165072 1
164880 70,62 166848 0
165120 46 165336 1
165360 53 165576 1
165600 58 165816 1
165840 62 166296 1
166320 58 166536 1
166560 53 166776 1
166800 50 167016 1
167016 46 168312 1
168288 91,79 168504 0
168456 67 168672 1
168528 91,79 168744 0
168696 67 168912 1
168936 53,41 169152 1
169176 48 169392 1
169248 84,79 169464 0
169416 67,53 169632 1
169488 84,79 169704 0
169656 67,57 169872 1
169896 60 170112 1
170136 67 170352 1
170208 91,79 170424 0
170376 67,53 170592 1
170448 91,79 170664 0
170616 67 170832 1
170856 55,43 171072 1
171096 50 171312 1
171168 74,67 171384 0
171336 55 171552 1
171408 74,67 171624 0
171576 59 171792 1
171816 62 172248 1
171888 67 172104 0
172128 72 172344 0
172296 55,43 172728 1
172368 74 172584 0
172608 76,67 173040 0
172776 48,36 172992 1
173016 43 173232 1
173088 76,67 173304 0
173256 48 173472 1
173328 76,67 173760 0
173496 52 173712 1
173736 55 174168 1
173808 74,67 174240 0
174216 48 174648 1
174288 67 174504 0
174528 76,69 174960 0
174696 57,45 174912 1
174936 52 175152 1
175008 79,69 175224 0
175176 57 175392 1
175248 79,69 175680 0
175416 60 175632 1
175656 64 175872 1
175896 69 176112 1
175968 91 176184 0
176136 69,57 176352 1
176208 91 176424 0
176376 69,57 176592 1
176616 53,41 176832 1
176856 48 177072 1
176928 84,79 177144 0
177096 69,53 177312 1
177168 84,79 177384 0
177336 69,57 177552 1
177576 60 177792 1
177816 69 178032 1
177888 91,79 178104 0
178056 69,53 178272 1
178128 91,79 178344 0
178296 69 178512 1
178536 55,43 178752 1
178776 50 178992 1
178848 74,67 179064 0
179016 55 179232 1
179088 74,67 179304 0
179256 59 179472 1
179496 62 179928 1
179568 76 179784 0
179808 77,67 180024 0
179976 55,43 180408 1
180048 76,67 181152 0
180456 48,36 180672 1
180696 43 180912 1
180936 48 181152 1
181176 52 181392 1
181416 55 181848 1
181488 64,60 181920 0
181896 48 182328 1
181968 60,55 182184 0
182208 71,68,64 182856 0
182376 52,40 182592 1
182616 47 182832 1
182856 52 183288 1
182928 64 183144 0
183168 71,68 183600 0
183336 56 183552 1
183576 52 183792 1
183648 79,67 183864 0
183816 56 184248 1
183888 79,67 184104 0
184296 53,41 184512 1
184536 48 184752 1
184608 72,67 184824 0
184776 53 184992 1
184848 72,67 185064 0
185016 57 185232 1
185256 60 185688 1
185328 67 185544 0
185568 79,67 185784 0
185736 53,41 186168 1
185808 79,67 186024 0
186216 55,43 186432 1
186456 50 186672 1
186528 74,67 186744 0
186696 55 186912 1
186768 74,67 186984 0
186936 59 187152 1
187176 62 187608 1
187248 67 187464 0
187488 72 187704 0
187656 55,43 187872 1
187728 74 187944 0
187896 56,44 188112 1
187968 76,69 188400 0
188136 57,45 188352 1
188376 52 188592 1
188448 76,69 188664 0
188616 57 188832 1
188688 76,69 189120 0
188856 60 189072 1
189096 64 189528 1
189168 84,76 189600 0
189576 57,45 190008 1
189648 76 189864 0
189888 83,76 190536 0
190056 52,40 190272 1
190296 47 190512 1
190536 52 190752 1
190608 79,71 191040 0
190776 55 190992 1
191016 59 191448 1
191088 71 191304 0
191328 79,71 191544 0
191496 52,40 191928 1
191568 79,71 191784 0
191976 53,41 192192 1
192216 48 192432 1
192288 72,69 192504 0
192456 53 192672 1
192528 72,69 192744 0
192696 57 192912 1
192936 60 193368 1
193008 69 193224 0
193248 79,69 193464 0
193416 53,41 193848 1
193488 79,69 193704 0
193896 55,43 194112 1
194136 50 194352 1
194208 74,67 194424 0
194376 55 194592 1
194448 74,67 194664 0
194616 59 194832 1
194856 62 195288 1
194928 72,67 195144 0
195168 74,67 195384 0
195336 55,43 195768 1
195408 72,67 196512 0
195816 48,36 196032 1
196056 43 196272 1
196296 48 196512 1
196536 52 196752 1
196776 55 197208 1
196848 64,60 197064 0
197256 52 197688 1
197328 64 197544 0
197568 72,69,64 198432 0
197736 57,45 197952 1
197976 52 198192 1
198216 57 198432 1
198456 59 198672 1
198528 76,69,64 198744 0
198696 57 199128 1
198768 69 198984 0
199008 79,67 199224 0
199176 55,43 199608 1
199248 79,67 199464 0
199656 53,41 200088 1
199968 72,67 200184 0
200136 53 200352 1
200208 72,67 200424 0
200376 57 200592 1
200616 60 201048 1
200688 67 200904 0
200928 79,67 201144 0
201096 53,41 201528 1
201168 79,67 201384 0
201576 55,43 201792 1
201816 50 202032 1
201888 74,67 202104 0
202056 55 202272 1
202128 74,67 202344 0
202296 59 202968 1
202608 72,67 202824 0
202848 74,67 203064 0
203016 55,43 203448 1
203088 72,67 204624 0
203496 36 203712 1
203736 43 203952 1
203976 48 204192 1
204216 50 204432 1
204456 52 204672 1
204696 55 204912 1
204768 60 204984 0
204936 50 205368 1
205008 62 205224 0
205248 64,60,55 206976 0
205416 48,36 207144 1
207168 79 207384 0
207336 41 207552 1
207408 67 207624 0
207576 48 207792 1
207648 72 207864 0
207816 53 208032 1
207888 79 208344 0
208056 57 208728 1
208368 67 208584 0
208608 72 208824 0
208776 41 209208 1
208848 79 209304 0
209256 43 209472 1
209328 67 209544 0
209496 50 209712 1
209568 72 209784 0
209736 55 209952 1
209808 79 210264 0
209976 59 210648 1
210288 67 210720 0
210696 43 211128 1
210768 72 210984 0
211176 45 211392 1
211248 72 211680 0
211416 52 211632 1
211656 57 211872 1
211728 72 212160 0
211896 59 212568 1
212208 72 212640 0
212616 52 213048 1
212688 72,69 212904 0
213096 45 213312 1
213336 52 213552 1
213408 74,71 213840 0
213576 57 213792 1
213816 59 214032 1
213888 76,72 214320 0
214056 60 214488 1
214368 74,71 214800 0
214536 43 214968 1
214848 79 215064 0
215016 41 215232 1
215088 67 215304 0
215256 48 215472 1
215328 72 215544 0
215496 53 215712 1
215568 79 216024 0
215736 57 216408 1
216048 67 216264 0
216288 72 216504 0
216456 41 216888 1
216528 79 216984 0
216936 43 217152 1
217008 67 217224 0
217176 50 217392 1
217248 72 217464 0
217416 55 217632 1
217488 79 217704 0
217656 59 217872 1
217728 89,86 217944 0
217896 62 218760 1
217968 88,84 218184 0
218208 86,83 218640 0
218688 76 218796 0
218808 81 218916 0
218856 57 218964 1
218928 83 219036 0
218976 64 219084 1
219048 84 219156 0
219096 69 219204 1
219168 86 219276 0
219216 71 219324 1
219288 88 219396 0
219336 72 219444 1
219408 93 219624 0
219456 76 220440 1
219648 95 220080 0
220128 96 220560 0
