0 70 432 0
0 58 216 1
240 65 456 1
480 77,73 912 0
480 70 912 1
960 75,72 1392 0
960 56 1176 1
1200 63 1416 1
1440 80,75,72 1872 0
1440 68 1872 1
1920 77,73,70 2352 0
1920 54 2136 1
2160 61 2376 1
2400 70 2616 0
2400 66 2832 1
2640 75,70 3072 0
2880 56 3096 1
3120 70 3336 0
3120 63 3552 1
3360 73 3468 0
3480 72 3588 0
3600 75 3816 0
3600 68 3816 1
3826 58 4042 1
3840 77,70 4272 0
4066 65 4282 1
4306 70 4738 1
4320 78,77,73 4746 0
4746 77 4752 0
4786 56 5002 1
4800 75,70 5232 0
5026 63 5242 1
5266 68 5698 1
5280 80,75,72 5604 0
5640 90,82,77,73 6624 0
5708 54 5924 1
5948 61 6164 1
6188 65 7484 1
6639 89 6666 0
6666 85 6693 0
6720 90,80 7146 0
7146 89 7152 0
7173 85 7200 0
7200 90,80 7626 0
7494 70,58 7710 1
7626 89 7632 0
7653 85 7680 0
7680 80 9480 0
7734 72,65 7950 1
7974 70 8190 1
8214 65 8430 1
8454 72 9318 1
9328 58 9544 1
9480 73 9588 0
9568 65 9784 1
9600 72 11328 0
9808 70 10024 1
10048 77 10264 1
10288 72 11152 1
11162 46 11378 1
11402 53 12050 1
11520 70,61 11952 0
12000 77,73,70 12216 0
12122 56 12338 1
12240 77 12456 0
12362 63 13010 1
12480 75,72,68 12507 0
12510 77 12537 0
12540 75 12918 0
12960 73 13176 0
13082 54 13514 1
13200 72 13416 0
13440 77,73,70 13656 0
13562 56 13994 1
13680 73 13896 0
13920 75,72,68 13947 0
13950 73 13977 0
13980 72 14142 0
14042 49 14258 1
14160 68 14376 0
14282 56 14498 1
14400 65,61,60 14832 0
14522 61 14954 1
14880 65 15096 0
15002 54 15218 1
15120 70,68,65,61 15336 0
15242 61 15458 1
15360 73 15711 0
15482 66 15914 1
15962 56 16178 1
16080 73,70 16296 0
16202 63 16418 1
16320 75,72,68 16536 0
16442 72,68 16874 1
16560 75 16587 0
16590 77 16617 0
16620 75 16782 0
16800 73 17016 0
16922 49 17138 1
17040 75,73,72,68 17256 0
17162 56 17270 1
17280 77 17658 0
17282 61 17390 1
17402 63 17510 1
17522 68 17882 1
17882 53 18530 1
18000 75 18147 0
18150 77 18177 0
18180 75 18207 0
18210 73 18237 0
18240 77,75,73,69 18672 0
18602 53 18818 1
18720 77,73,69 19152 0
18828 58 19044 1
19068 61 19716 1
19200 77,70,65 19632 0
19680 77,73,70 19896 0
19788 56 20652 1
19920 77 20136 0
20160 75,72,68 20187 0
20190 77 20217 0
20220 75 20598 0
20640 73 20856 0
20748 54 20964 1
20880 80,72 21096 0
20988 61 21204 1
21120 70,66 21336 0
21228 56 21660 1
21360 73 21576 0
21600 73 21627 0
21630 75 21657 0
21660 73 21822 0
21708 49 21924 1
21840 75,72 22056 0
21948 56 22056 1
22068 61 22176 1
22080 77,68 22512 0
22188 60 22404 1
22428 63 22644 1
22560 65 22776 0
22668 54 22992 1
22800 68 23016 0
23028 58 23136 1
23040 70 23067 0
23070 72 23097 0
23100 70 23127 0
23130 68 23157 0
23148 61 23256 1
23160 70 23712 0
23268 65 23592 1
23628 63,56 24060 1
23760 77,70 23868 0
23880 73 23988 0
24000 75,72 24216 0
24108 63,56 24540 1
24240 73 24348 0
24360 72 24468 0
24480 72 24534 0
24540 73,70 24648 0
24588 63,58 24948 1
24720 72,68 24936 0
24948 63 25056 1
24960 70,68 25176 0
25068 65 25176 1
25188 72 25512 1
25200 80 25416 0
25440 77 25548 0
25548 61 25764 1
25560 68 25668 0
25680 75 25788 0
25788 65 26004 1
25800 77 25908 0
25920 73 26028 0
26028 61 26460 1
26040 75 26148 0
26160 72 26268 0
26280 73 26388 0
26400 77,73,70 26616 0
26470 51 26578 1
26590 58 26698 1
26640 78,77,73,73,70,70 26856 0
26710 61 26818 1
26830 66 27382 1
27360 70 27468 0
27430 66,56 27538 1
27480 73 27588 0
27550 63 27658 1
27600 75 27708 0
27670 66 27778 1
27720 77 27828 0
27790 72 27898 1
27840 78,75 28056 0
27910 68 28126 1
28080 94,82 28296 0
28150 56 28366 1
28320 92,80 28347 0
28350 82 28377 0
28380 80 28542 0
28390 49 28498 1
28510 56 28618 1
28560 75 28776 0
28630 65 29278 1
28800 77 28908 0
28920 75 29028 0
29040 77,72 29376 0
29350 54 29458 1
29400 72 29508 0
29470 61 29578 1
29520 73 29628 0
29590 68 29698 1
29640 75 29748 0
29710 70 29818 1
29760 77 29976 0
29830 66 30046 1
30000 92,80 30216 0
30070 65 30286 1
30240 90,78 30267 0
30270 80 30297 0
30300 78 30462 0
30310 47 30418 1
30430 54 30538 1
30480 77 30696 0
30550 61 30658 1
30670 70,59 31222 1
30720 75 30828 0
30840 77 30867 0
30870 75 30897 0
30900 73 30927 0
30930 75 31392 0
31270 45 31378 1
31390 54 31498 1
31440 71 31548 0
31510 60 31618 1
31560 73 31668 0
31630 70 31738 1
31680 75 31896 0
31750 66 31966 1
31920 78 32136 0
31990 68 32206 1
32160 77 32187 0
32190 78 32217 0
32220 77 32382 0
32230 41 32338 1
32350 48 32458 1
32400 75 32616 0
32470 53 32578 1
32590 60 32698 1
32640 75,69 32964 0
32710 70 33142 1
33000 77,72 33108 0
33120 63 33228 0
33190 69,41 33298 1
33240 65 33348 0
33310 48 33418 1
33360 69 33468 0
33430 53 34078 1
33480 72 33588 0
33600 84,81,75 33708 0
33720 77 33828 0
33840 81 33948 0
33960 84 34068 0
34080 77,72,69 34296 0
34088 42 34196 1
34208 49 34316 1
34320 82,80,77,77,73,72 34536 0
34328 54 34436 1
34448 61 34556 1
34568 61 34784 1
34800 77 35016 0
34808 66 35024 1
35040 77,68 35148 0
35048 44 35156 1
35168 51 35276 1
35220 80,70 35328 0
35288 56 35396 1
35400 75,73 35508 0
35408 63 35690 1
35520 72,68 35952 0
35708 68 35870 1
35888 70 35996 1
36000 75,68 36216 0
36008 41 36116 1
36128 48 36236 1
36240 77,73 36456 0
36248 53 36356 1
36368 60 36476 1
36480 80,77,72 36696 0
36488 63,56 36596 1
36608 65 36716 1
36720 75,68 36936 0
36728 68,60 36944 1
36960 75,68 37068 0
36968 58,46 37076 1
37088 53 37196 1
37140 77,73 37248 0
37208 60 37316 1
37320 70,65 37656 0
37328 58 37880 1
37680 82 37896 0
37920 75,73 38028 0
37928 42 38036 1
38040 77 38148 0
38048 49 38156 1
38160 80,77 38268 0
38168 54 38276 1
38280 82 38388 0
38288 70,61 38570 1
38400 77,73,70 38616 0
38588 68 38696 1
38640 77,73 38856 0
38768 65 38876 1
38880 77,73,70 38988 0
38888 44 38996 1
39008 51 39116 1
39060 85,77 39222 0
39128 56 39236 1
39240 84,75 39348 0
39248 63 39464 1
39360 75,72,68 39468 0
39480 80,75,72,68 39804 0
39488 68 39596 1
39608 63 39716 1
39728 61 39836 1
39848 49 39956 1
39968 56 40076 1
40080 75,73,68,65 40296 0
40088 61 40196 1
40208 63 40316 1
40328 56 40760 1
40560 73 40668 0
40680 73 40788 0
40800 73,65 40962 0
40808 53,41 40916 1
40928 60,57 41036 1
40980 75,68 41142 0
41048 65,60 41156 1
41160 77,72,69 41268 0
41168 69,65 41384 1
41280 77 41388 0
41400 81 41508 0
41408 60,57 41516 1
41520 84 41628 0
41528 65,60 41636 1
41640 89,77,69 41868 0
41648 69,65 41756 1
41766 42 41874 1
41880 87 41988 0
41886 49 41994 1
42000 85,80,72 42108 0
42006 54 42114 1
42120 84 42228 0
42126 61 42234 1
42240 82,77,73 42456 0
42246 61 42462 1
42480 77 42696 0
42486 66 42702 1
42720 77,68 42828 0
42726 44 42834 1
42846 51 42954 1
42900 80,70 43008 0
42966 56 43074 1
43080 75,73 43188 0
43086 63 43194 1
43200 72,68 43632 0
43206 56 43368 1
43386 72 43566 1
43566 70 43674 1
43680 75,68 43896 0
43686 53 43794 1
43806 60 43914 1
43920 77,72,68 44136 0
43926 63 44034 1
44046 65 44262 1
44160 80,72,68 44268 0
44280 75 44388 0
44286 72 44394 1
44400 77 44508 0
44406 75 44514 1
44520 80 44628 0
44526 77 44634 1
44640 82 44694 0
44646 70,58 44754 1
44700 84 44808 0
44766 63 44874 1
44820 85 44982 0
44886 65 44994 1
45000 80 45216 0
45006 68 45114 1
45126 68,58 45234 1
45240 82,77,75,73 45456 0
45246 61 45354 1
45366 65,56 45474 1
45486 56 45594 1
45600 82,77,73 45816 0
45604 54 45712 1
45724 61 45832 1
45840 80,72 46056 0
45844 66 45952 1
45964 70 46288 1
46080 78,70 46296 0
46320 80,72 46428 0
46324 54 46540 1
46440 82,73 46656 0
46564 56,44 46672 1
46680 85,80,77 47004 0
46684 51 46792 1
46804 56 46912 1
46924 63 47248 1
47013 82 47040 0
47040 85,75 47472 0
47284 56 47500 1
47510 58,46 47618 1
47520 84,77,75 47547 0
47550 85 47577 0
47580 84 47958 0
47630 53 47738 1
47750 58 47858 1
47870 65 47978 1
47990 62,58,58 48422 1
48000 82,77,75 48432 0
48443 70,65 49253 1
48480 72,63 48912 0
48960 74 49392 0
49344 68,61,59 49560 1
49440 77 49656 0
49584 66 49692 1
49680 78 49896 0
49704 65 49812 1
49824 68,61,59 50040 1
49920 80,73,71 50136 0
50064 59 50280 1
50160 78 50268 0
50280 78 50496 0
50304 61,59 50520 1
50520 77 50736 0
50544 68,61 50652 1
50664 73,65 50772 1
50760 77 50976 0
50784 68,66 51216 1
51000 68 51360 0
51264 68,61,58 51480 1
51360 73 51576 0
51504 66 51612 1
51600 80 51816 0
51624 65 51840 1
51840 80,73,70 52056 0
51864 68 52080 1
52080 78 52188 0
52104 68,58,54 52332 1
52200 78 52416 0
52344 61 52452 1
52440 77 52656 0
52464 61 52572 1
52584 61 52692 1
52680 73 52896 0
52704 68,58,54 52812 1
52884 66 53046 1
52920 68 53028 0
53040 66 53148 0
53064 61 53172 1
53160 73 53268 0
53184 66,61,59,57 53400 1
53280 73 53334 0
53340 80 53448 0
53460 78 53622 0
53544 61 53652 1
53640 73 53748 0
53664 66 54096 1
53760 78 53976 0
54000 76 54108 0
54120 76 54336 0
54144 73,61 54360 1
54360 75 54576 0
54504 61 54612 1
54600 75 54816 0
54624 66 54840 1
54840 73 55164 0
54864 73 55080 1
55090 44 55198 1
55200 73 55362 0
55210 51,49 55318 1
55330 56 55438 1
55380 75 55542 0
55450 63,61 55558 1
55560 75 55668 0
55570 68,63,61 55678 1
55680 75 56112 0
55690 56 55798 1
55810 68,63,61 55918 1
55930 56 56038 1
56050 68,63,61 56158 1
56160 75 56268 0
56170 56 56278 1
56280 80 56388 0
56290 68,63,61 56398 1
56400 84 56508 0
56410 56 56518 1
56520 87 56628 0
56530 68,63,61 56638 1
56640 92,87,85 56748 0
56650 56 56758 1
56760 80 56868 0
56770 63,61 56986 1
56880 84 56988 0
56996 41 57104 1
57000 75 57108 0
57116 48,46 57224 1
57120 73,72 57228 0
57236 53 57344 1
57240 75 57564 0
57356 60,58 57464 1
57476 65,60,58,53 57530 1
57536 65,60,58,53 57590 1
57596 65,60,58,53 57650 1
57600 82,77 57708 0
57656 65,60,58,53 57710 1
57716 65,60,58,53 57770 1
57720 77 57828 0
57776 65,60,58,53 57830 1
57836 65,60,58,53 57890 1
57840 82,77 57948 0
57896 65,60,58,53 57950 1
57956 65,60,57,53,41,29 58820 1
57960 77 58068 0
58080 82,77 58188 0
58200 77 58308 0
58320 89,84,82,77 58536 0
58560 89,84,81,77 58992 0
58826 77,73,70,66,54 59682 1
59040 89 59256 0
59280 92,89,85 59496 0
59520 94 59682 0
59760 89 59976 0
59868 92,87,85,80,68 60744 1
60000 89 60162 0
60180 92 60342 0
60360 87 60912 0
60756 75,72,68,65,53 61188 1
60960 87 61176 0
61200 89 61416 0
61308 79 61416 1
61428 80 61536 1
61440 92 61656 0
61548 87 61656 1
61668 82 61776 1
61680 87 61896 0
61788 85,82,77,58 62220 1
61920 87 62082 0
62100 89 62262 0
62268 84 62376 1
62280 82 62832 0
62388 85 62496 1
62508 80 62616 1
62628 77 62736 1
62746 77,73,70,54 62962 1
62880 89 63096 0
62986 61 63094 1
63106 66 63214 1
63120 92,89,85 63336 0
63226 70 63334 1
63346 73 63454 1
63360 94 63522 0
63466 77 63574 1
63586 70 63694 1
63600 89 63708 0
63706 75,72,68,56 63922 1
63720 82 63828 0
63840 89 64002 0
63946 63 64054 1
64020 97 64182 0
64066 68 64174 1
64186 72 64294 1
64200 96 64524 0
64306 75 64414 1
64426 63 64534 1
64546 56 64654 1
64560 92,84 64776 0
64664 68,63,61,49 64772 1
64784 56 64892 1
64800 87,80 65016 0
64904 61 65012 1
65024 63 65132 1
65040 85 65256 0
65144 61 65252 1
65264 68,65 65372 1
65280 87,80 65496 0
65384 61 65492 1
65504 69,65 65612 1
65520 85,77 65628 0
65624 69,65,60,41 65732 1
65640 85,77 65856 0
65744 48 65852 1
65864 53 65972 1
65880 87,80 66096 0
65984 60 66092 1
66104 65 66212 1
66120 89,84,81 66228 0
66224 72 66332 1
66240 89,84,81 66348 0
66344 68 66560 1
66360 81,60 66468 0
66480 84,65,57 66588 0
66570 42 66678 1
66600 89,69,60 66708 0
66690 49 66798 1
66720 77,72,69 66828 0
66810 54 66918 1
66840 87 66948 0
66930 61 67038 1
66960 85,80,77,72 67068 0
67050 61 67212 1
67080 84 67188 0
67200 82,77,73,70 67416 0
67230 65 67392 1
67410 65 67518 1
67440 77,73,70,65 67656 0
67530 44 67638 1
67650 51 67758 1
67680 77,73,70,65 67842 0
67770 56 67878 1
67860 80,68 68022 0
67890 63 67998 1
68010 56 68118 1
68040 75,63 68148 0
68130 63 68346 1
68160 72,68,63 68592 0
68370 56 68478 1
68490 53,41 68598 1
68610 60 68718 1
68640 75,63 68856 0
68730 63 68838 1
68850 65 69066 1
68880 77,75,72,68,65 69096 0
69090 72 69198 1
69120 80 69147 0
69210 75 69318 1
69240 75 69348 0
69330 77 69438 1
69360 77 69468 0
69450 58,46 69558 1
69480 80 69588 0
69570 60,48 69678 1
69600 84 69762 0
69690 61,49 69798 1
69780 85 69942 0
69810 63,51 70038 1
69960 80 70176 0
70050 61,49 70158 1
70170 60,48 70278 1
70200 82,77,73 70416 0
70290 56,44 70398 1
70408 54,42 70516 1
70528 61 70636 1
70560 82,77,73 70776 0
70648 66 70756 1
70768 70 71092 1
70800 80,72 71016 0
71040 78,70 71256 0
71128 54,42 71344 1
71280 80,72 71388 0
71368 56,44 71476 1
71400 82,73 71616 0
71488 51 71596 1
71608 56 71716 1
71640 85,80,77 71964 0
71728 72,63 71944 1
71968 51 72076 1
71973 82 72000 0
72000 85,80,75 72432 0
72088 56 72196 1
72208 53 72316 1
72326 58,46 74054 1
72480 84,77,75 72912 0
72960 82,77,75 73392 0
73440 77,75 73548 0
73560 80 73668 0
73680 85 73788 0
73800 82 74124 0
74064 66,54 74928 1
74160 80 74376 0
74400 77 74616 0
74640 75 74856 0
74880 82,77,73 75096 0
75024 68,56 75132 1
75120 66 75228 0
75144 63 75252 1
75240 80,73 75600 0
75264 68 75372 1
75384 72 75708 1
75600 77,73 75627 0
75630 78 75657 0
75660 77 75768 0
75744 75 75960 1
75840 75,72 76164 0
75984 70,58 76092 1
76104 65 76212 1
76200 77,72 76524 0
76224 70 76440 1
76464 70 76680 1
76560 82,80,75 76587 0
76590 83 76617 0
76620 82 76728 0
76704 70 76920 1
76800 80,75 77160 0
76944 68,56 77052 1
77064 65 77172 1
77160 84,75 77520 0
77184 68 77616 1
77520 75 77628 0
77640 77 77748 0
77664 68 77772 1
77760 73 77868 0
77784 75 77892 1
77880 85,77 78096 0
77904 54 78012 1
78024 61 78348 1
78120 84,75 78336 0
78360 80,72 78468 0
78384 66 78816 1
78480 104 78588 0
78600 92 78936 0
78864 56 78972 1
78960 75 79068 0
78984 63 79308 1
79080 73 79404 0
79344 68 79776 1
79440 80 79548 0
79560 80 79884 0
79786 46,34 80002 1
79920 75 80028 0
80026 53 80242 1
80040 73 80364 0
80266 58 80698 1
80400 80,73 80586 0
80586 75 80613 0
80613 80 80616 0
80640 75,65 80748 0
80746 44 80962 1
80760 73 80868 0
80880 75 80988 0
80986 53 81202 1
81000 75,68,63 81216 0
81226 56 81658 1
81360 80,72 81468 0
81480 80,72 81696 0
81706 42 81814 1
81720 84,75 81936 0
81826 49 81934 1
81946 54 82162 1
81960 92,84 82320 0
82186 58 82294 1
82306 66 82414 1
82320 92,84 82428 0
82426 61 82642 1
82440 92,84 82548 0
82560 92,84 82884 0
82666 44 82774 1
82786 51 82894 1
82906 56 83014 1
82920 94,85 83352 0
83026 58 83134 1
83146 63 83254 1
83266 68 83590 1
83400 92,84 83508 0
83520 92,84 83844 0
83626 46 83734 1
83746 53 83854 1
83866 58 83974 1
83880 90,84 84204 0
83986 60 84094 1
84106 61 84322 1
84240 89,84 84348 0
84346 65 84454 1
84360 87 84468 0
84466 70 84574 1
84480 87 84588 0
84586 56 84694 1
84600 85 84708 0
84706 63 84814 1
84720 84 84828 0
84826 68 85042 1
84840 85 85056 0
85066 68 85498 1
85080 80 85296 0
85320 77 85536 0
85508 42 85616 1
85560 75 85776 0
85628 49 85736 1
85748 54 85856 1
85800 80 86016 0
85868 56 85976 1
85988 61,58,56 86852 1
86040 77,73 86364 0
86373 75 86400 0
86400 73 87048 0
86948 54 87056 1
87068 56 87176 1
87120 66 87228 0
87188 58 87296 1
87240 73,70,68 87456 0
87308 61 87416 1
87426 44 87534 1
87480 85,82,80 87696 0
87546 51 87654 1
87666 56 87774 1
87720 85,82,80 87828 0
87786 61 89202 1
87840 97 88752 0
88800 63 88872 0
88880 68 88952 0
88960 73 89032 0
89040 80 89112 0
89120 85 89192 0
89200 87 89272 0
89212 34 89644 1
89280 92 90144 0
89692 63,60,58,56 91186 1
90159 75,73,72,68 90591 0
90960 68 90987 0
90990 69 91017 0
91020 68 91398 0
91192 63,60,58,56 91408 1
91432 60 91459 1
91440 65 92088 0
91462 60 91489 1
91492 60 91519 1
91522 60 91549 1
91552 60 91579 1
91582 60 91609 1
91612 60 91639 1
91639 60 91666 1
91669 60 91696 1
91699 60 91726 1
91729 60 91756 1
91759 60 91786 1
91789 60 91816 1
91819 60 91846 1
91849 60 91876 1
91879 60 91906 1
91909 60 91936 1
91939 60 91966 1
91969 60 91996 1
91999 60 92026 1
92029 60 92056 1
92059 60 92086 1
92089 60 92116 1
92116 60 92143 1
92146 60 92173 1
92160 68 92214 0
92176 60 92203 1
92206 60 92233 1
92220 68 92247 0
92236 60 92263 1
92250 69 92277 0
92266 60 92293 1
92280 68 93852 0
92296 60 92323 1
92326 60 92353 1
92356 60 92383 1
92386 60 92413 1
92416 60 92443 1
92446 60 92473 1
92476 60 92503 1
92506 60 92533 1
92536 60 92563 1
92566 60 92573 1
92576 60 92603 1
92606 60 92633 1
92636 60 92663 1
92666 60 92693 1
92696 60 92723 1
92726 60 92753 1
92756 60 92783 1
92786 60 92813 1
92816 60 92843 1
92846 60 92873 1
92876 60 92903 1
92906 60 92933 1
92936 60 92963 1
92966 60 92993 1
92996 60 93023 1
