0 98,91,87,86,84,82,79 1728 1
1830 91,84,82,77,70 3558 1
3750 96,94,89,87,80 5478 1
5760 63,60,56 6624 1
7200 65,62,58 8064 1
8640 60,56,55 10512 1
11430 87,84,80,75 12078 1
12150 89,86,82,77 12798 1
12870 87,84,80,79,75 13518 1
13590 84,80,77,75,72 14238 1
14310 86,83,79,77,74 15606 1
15840 67,65,62,59,55 17136 1
17280 67 17712 1
17760 75 18624 1
18720 67 19152 1
19200 74 20064 1
20160 72 20592 1
20640 63 21288 1
21360 65 21576 1
21600 67 22032 1
22080 70 22944 1
23040 68 23472 1
23520 75 24168 1
24240 68 24456 1
24480 67 24912 1
24960 75 25824 1
25920 74 26352 1
26400 75 27048 1
27120 72 27336 1
27360 79,74,74,71,67 28800 1
30240 67 30672 1
30720 75 31584 1
31680 67 32112 1
32160 74 33024 1
33120 72,68 33552 1
33600 63 34248 1
34320 65 34536 1
34560 67,63 34992 1
35040 70 35904 1
36000 68 36432 1
36480 75 37128 1
37200 68 37416 1
37440 67 37872 1
37920 75 38784 1
38880 74,66 39096 1
39120 75 39336 1
39360 77 40008 1
40080 72 40296 1
40320 71,67 40536 1
40560 72 40776 1
40800 74 41232 1
41280 84,79,67 41712 1
41730 87 42102 1
42240 79 42888 1
42960 87 43176 1
43200 86,79 43632 1
43680 79,74 44544 1
44550 84,79,75 44766 1
44880 82 45096 1
45120 75 45768 1
45840 79,77,75,70 46056 1
46560 82,77 47424 1
47520 80 47736 1
47760 79 47976 1
48000 80 48216 1
48240 82 48456 1
48480 84 48696 1
48720 86 48936 1
48960 87 49176 1
49200 86 49416 1
49440 87 49656 1
49680 84 49896 1
49920 79 50136 1
50160 87 50376 1
50400 86,78 50616 1
50640 87 50856 1
50880 89 51096 1
51120 87 51336 1
51360 84 51576 1
51600 87,86,79 51816 1
53190 91,86,83,79 54486 1
54720 67 55152 0
54720 79 54828 1
54840 75 54948 1
54960 74 55068 1
55080 72 55188 1
55200 75 56064 0
55200 79 55308 1
55320 75 55428 1
55440 74 55548 1
55560 72 55668 1
55680 79 55788 1
55800 75 55908 1
55920 74 56028 1
56040 72 56148 1
56160 67 56592 0
56160 79 56268 1
56280 74 56388 1
56400 72 56508 1
56520 70 56628 1
56640 74 57504 0
56640 79 56748 1
56760 74 56868 1
56880 72 56988 1
57000 70 57108 1
57120 79 57228 1
57240 74 57348 1
57360 72 57468 1
57480 70 57588 1
57600 72 58032 0
57600 75 57708 1
57720 72 57828 1
57840 70 57948 1
57960 68 58068 1
58080 63 58728 0
58080 75 58188 1
58200 72 58308 1
58320 70 58428 1
58440 68 58548 1
58560 75 58668 1
58680 72 58788 1
58800 65 59016 0
58800 70 58908 1
58920 68 59028 1
59040 67 59472 0
59040 75 59148 1
59160 70 59268 1
59280 67 59388 1
59400 65 59508 1
59520 70 60384 0
59520 75 59628 1
59640 70 59748 1
59760 67 59868 1
59880 65 59988 1
60000 75 60108 1
60120 70 60228 1
60240 67 60348 1
60360 65 60468 1
60480 68 60912 0
60480 72 60588 1
60600 68 60708 1
60720 67 60828 1
60840 65 60948 1
60960 75 61608 0
60960 72 61068 1
61080 68 61188 1
61200 67 61308 1
61320 65 61428 1
61440 72 61548 1
61560 68 61668 1
61680 68 61896 0
61680 67 61788 1
61800 65 61908 1
61920 67 62352 0
61920 72 62028 1
62040 67 62148 1
62160 65 62268 1
62280 63 62388 1
62400 75 63264 0
62400 72 62508 1
62520 67 62628 1
62640 65 62748 1
62760 63 62868 1
62880 72 62988 1
63000 67 63108 1
63120 65 63228 1
63240 63 63348 1
63360 74 63576 0
63360 74 63468 1
63480 69 63588 1
63600 75 63816 0
63600 66 63708 1
63720 62 63828 1
63840 77 64488 0
63840 74 63948 1
63960 69 64068 1
64080 66 64188 1
64200 62 64308 1
64320 74 64428 1
64440 69 64548 1
64560 72 64776 0
64560 66 64668 1
64680 62 64788 1
64800 71 65016 0
64800 74 64908 1
64920 71 65028 1
65040 72 65256 0
65040 67 65148 1
65160 62 65268 1
65280 74 66144 0
65280 59 65388 1
65400 62 65508 1
65520 67 65628 1
65640 71 65748 1
65760 74 65868 1
65880 79 65988 1
66000 83 66108 1
66120 86 66228 1
66240 75 66672 0
66240 91 66348 1
66360 87 66468 1
66480 86 66588 1
66600 84 66708 1
66720 67 67368 0
66720 91 66828 1
66840 87 66948 1
66960 86 67068 1
67080 84 67188 1
67200 91 67308 1
67320 87 67428 1
67440 75 67656 0
67440 86 67548 1
67560 84 67668 1
67680 74 68112 0
67680 91 67788 1
67800 86 67908 1
67920 84 68028 1
68040 82 68148 1
68160 67 69024 0
68160 91 68268 1
68280 86 68388 1
68400 84 68508 1
68520 82 68628 1
68640 91 68748 1
68760 86 68868 1
68880 84 68988 1
69000 82 69108 1
69120 72 69336 0
69120 87 69228 1
69240 84 69348 1
69360 70 69576 0
69360 82 69468 1
69480 80 69588 1
69600 72 70248 0
69600 87 69708 1
69720 84 69828 1
69840 82 69948 1
69960 80 70068 1
70080 87 70188 1
70200 84 70308 1
70320 75 70536 0
70320 82 70428 1
70440 80 70548 1
70560 70 70776 0
70560 87 70668 1
70680 82 70788 1
70800 72 71016 0
70800 79 70908 1
70920 77 71028 1
71040 70 71904 0
71040 87 71148 1
71160 82 71268 1
71280 79 71388 1
71400 77 71508 1
71520 87 71628 1
71640 82 71748 1
71760 79 71868 1
71880 77 71988 1
72000 68 72432 0
72000 84 72108 1
72120 80 72228 1
72240 79 72348 1
72360 77 72468 1
72480 75 73344 0
72480 84 72588 1
72600 80 72708 1
72720 79 72828 1
72840 77 72948 1
72960 84 73068 1
73080 80 73188 1
73200 79 73308 1
73320 77 73428 1
73440 67 73872 0
73440 84 73548 1
73560 79 73668 1
73680 77 73788 1
73800 75 73908 1
73920 75 74784 0
73920 84 74028 1
74040 79 74148 1
74160 77 74268 1
74280 75 74388 1
74400 84 74508 1
74520 79 74628 1
74640 77 74748 1
74760 75 74868 1
74880 74 75096 0
74880 86 74988 1
75000 81 75108 1
75120 75 75336 0
75120 78 75228 1
75240 74 75348 1
75360 77 76008 0
75360 86 75468 1
75480 81 75588 1
75600 78 75708 1
75720 74 75828 1
75840 86 75948 1
75960 81 76068 1
76080 72 76296 0
76080 78 76188 1
76200 74 76308 1
76320 71 76536 0
76320 86 76428 1
76440 83 76548 1
76560 72 76776 0
76560 79 76668 1
76680 74 76788 1
76800 74 77232 0
76800 83 76908 1
76920 79 77028 1
77040 74 77148 1
77160 71 77268 1
77280 71 77712 0
77280 79 77388 1
77400 74 77508 1
77520 71 77628 1
77640 67 77748 1
77760 72 79056 0
77760 72 79056 1
79200 87,84,79 79632 1
79680 91,87,82 80112 1
80160 75 80376 1
80400 79,77,75,70 80616 1
81120 79 81552 1
81600 80 81816 1
81840 82,82,77,74 82056 1
82320 70 82536 1
82560 77 82776 1
82800 82 83016 1
83040 80 83256 1
83280 79 83430 1
83430 72 83460 1
83460 75 83490 1
83490 80 83496 1
84240 79 84456 1
84480 80 84696 1
84720 82,79,75 84936 1
84960 84,79,75,72 85872 1
85920 75,72,67 86340 1
86400 84,80 86616 1
86640 86 86856 1
86880 87 87528 1
87600 84 87816 1
87840 82 88056 1
88080 80 88296 1
88320 79 88536 1
88560 80 88776 1
88800 82 89016 1
89040 79 89256 1
89280 80,75,72 89928 1
90000 82 90216 1
90240 84,80,75 90672 1
90690 84 91062 1
91200 86,80 91632 1
91680 87,80,80,75 92112 1
92115 87,84 92502 1
92880 89 93096 1
93120 84,79,74 93552 1
93555 86,83 94374 1
94950 91,86,83,79 95382 1
95520 99 95563 1
95564 98 95607 1
95608 96 95651 1
95653 94 95696 1
95697 92 95740 1
95741 91 95784 1
95785 89 95828 1
95829 87 95872 1
95874 86 95917 1
95918 84 95961 1
95962 82 96005 1
96006 80 96049 1
96051 79 96094 1
96095 77 96138 1
96139 75 96182 1
96183 74 96226 1
96227 72 96270 1
96272 70 96315 1
96316 68 96359 1
96360 55 96468 1
96480 63 96912 1
96960 87,75 97392 1
97440 84,72 97872 1
97920 86,74 98784 1
98880 82,70 99312 1
99360 79,67 100008 1
100080 82,70 100512 1
100560 84,72 100776 1
100800 75,70,63 101448 1
101520 68 101664 1
101760 67 102096 1
102720 87,75 103152 1
103200 84,72 103632 1
103680 86,74 104544 1
104640 82,70 105072 1
105120 87,75 105768 1
105840 89,77 106056 1
106080 91,79 106296 1
106320 94,82 106536 1
106560 91,79,63 107136 1
107136 65 107232 1
107232 67 107328 1
107328 68 107424 1
107424 70 107520 1
107520 72 107600 1
107600 74 107680 1
107680 75 107760 1
107760 77 107840 1
107840 79 107856 1
107920 80 108000 1
108000 94 108432 1
108480 87,75 108912 1
108960 84,72 109392 1
109440 86,82,74 109872 1
110160 82,70 110592 1
110640 80,68 110856 1
110880 79,67 111312 1
111360 84,72 111792 1
111840 86,74 112272 1
112320 87,75 113184 1
113520 84,72 113736 1
113760 84,72 114192 1
114240 91,79 114888 1
114960 84,72 115176 1
115200 84,77,72,72 115632 1
115680 79,74 116064 1
116400 84,72 116616 1
116640 84,72 117072 1
117120 91,79 117768 1
117840 84,72 118056 1
118080 83,71 118512 1
118560 84,72 118992 1
119040 86,74 119472 1
120000 87,75 120432 1
120480 84,72 120912 1
120960 86,74 121824 1
121920 82,70 122352 1
122400 79,67 123048 1
123120 82,70 123552 1
123600 84,72 123816 1
123840 75,63 125136 1
125760 87,75 126192 1
126240 84,72 126672 1
126720 86,74 127584 1
127680 82,70 128112 1
128160 87,75 128808 1
128880 89,77 129096 1
129120 91,79 129336 1
129360 94,82 129576 1
129600 91,79,63 130176 1
130176 65 130272 1
130272 67 130368 1
130368 68 130464 1
130464 70 130560 1
130560 72 130640 1
130640 74 130720 1
130720 75 130800 1
130800 77 130880 1
130880 79 130896 1
130960 80 131040 1
131040 94 131472 1
131520 87,75 131952 1
132000 84,74,72 132432 1
132435 86 133038 1
133200 82,70 133632 1
133680 80,68 133896 1
133920 79,67 134352 1
134400 84,72 134832 1
134880 86,74 135096 1
135120 87,75 135336 1
135360 87,84,75 136056 1
136080 86 136296 1
136320 87 136752 1
136800 84,72 137232 1
137280 91,79 137928 1
138000 84,72 138216 1
138240 86,74 138672 1
138720 91,79 139152 1
139200 94,82 139632 1
139680 86,74 140976 1
141060 72,67,64 141924 1
142080 84 142512 1
142560 84,72 142992 1
143040 91,79 143688 1
143760 84,72 143976 1
144000 86,74 144432 1
144480 91,79 144912 1
144960 94,82 145392 1
145440 98,86 146736 1
146808 84,79,76,72,67,60 147312 1
147360 77 147792 1
147840 80 148104 1
148230 80,77 148272 1
148290 84 149406 1
149520 84,84,80,77 149736 1
150240 86 150672 1
150720 82 150936 1
150960 82,80,79,75 151176 1
152400 82 152616 1
152640 82,79 153072 1
153120 84 153552 1
153600 80 153816 1
153840 80,79,77 154056 1
154800 79 155016 1
155040 77 155256 1
155280 75 155496 1
155520 74,71 155952 1
156000 75 156432 1
156480 77 156912 1
156960 77 157176 1
157200 75 157416 1
157440 75 157872 1
157920 77 158136 1
158160 82,79,75 158376 1
158640 72 158856 1
158880 76 159096 1
159120 79 159336 1
159360 84 159576 1
159600 96,84,82 159816 1
160560 84 160776 1
160800 84 161016 1
161040 96,84,82 161256 1
161760 98,86 162192 1
162240 94,82 162456 1
162480 92,80 162696 1
162720 94,82 163896 1
163920 94,82,79 164136 1
164640 96,84 165072 1
165120 92,80 165336 1
165360 91,79 165576 1
165600 92,80 165816 1
165840 92 166056 1
166080 80 166296 1
166320 91,79 166536 1
166560 89,77 166776 1
166800 87,75 167016 1
167040 86,74 167472 1
167520 83,71 167952 1
168000 91 168216 1
168240 89,87,80 168456 1
172800 91 174096 1
174240 67,62,59,55 175536 1
175680 67 176112 0
175680 79 175788 1
175800 75 175908 1
175920 74 176028 1
176040 72 176148 1
176160 75 177024 0
176160 79 176268 1
176280 75 176388 1
176400 74 176508 1
176520 72 176628 1
176640 79 176748 1
176760 75 176868 1
176880 74 176988 1
177000 72 177108 1
177120 67 177552 0
177120 79 177228 1
177240 74 177348 1
177360 72 177468 1
177480 70 177588 1
177600 74 178464 0
177600 79 177708 1
177720 74 177828 1
177840 72 177948 1
177960 70 178068 1
178080 79 178188 1
178200 74 178308 1
178320 72 178428 1
178440 70 178548 1
178560 72 178992 0
178560 75 178668 1
178680 72 178788 1
178800 70 178908 1
178920 68 179028 1
179040 63 179688 0
179040 75 179148 1
179160 72 179268 1
179280 70 179388 1
179400 68 179508 1
179520 75 179628 1
179640 72 179748 1
179760 65 179976 0
179760 70 179868 1
179880 68 179988 1
180000 67 180432 0
180000 75 180108 1
180120 70 180228 1
180240 67 180348 1
180360 65 180468 1
180480 70 181344 0
180480 75 180588 1
180600 70 180708 1
180720 67 180828 1
180840 65 180948 1
180960 75 181068 1
181080 70 181188 1
181200 67 181308 1
181320 65 181428 1
181440 68 181872 0
181440 72 181548 1
181560 68 181668 1
181680 67 181788 1
181800 65 181908 1
181920 75 182568 0
181920 72 182028 1
182040 68 182148 1
182160 67 182268 1
182280 65 182388 1
182400 72 182508 1
182520 68 182628 1
182640 68 182856 0
182640 67 182748 1
182760 65 182868 1
182880 67 183312 0
182880 72 182988 1
183000 67 183108 1
183120 65 183228 1
183240 63 183348 1
183360 75 184224 0
183360 72 183468 1
183480 67 183588 1
183600 65 183708 1
183720 63 183828 1
183840 72 183948 1
183960 67 184068 1
184080 65 184188 1
184200 63 184308 1
184320 74 184536 0
184320 74 184428 1
184440 69 184548 1
184560 75 184776 0
184560 66 184668 1
184680 62 184788 1
184800 77 185448 0
184800 74 184908 1
184920 69 185028 1
185040 66 185148 1
185160 62 185268 1
185280 74 185388 1
185400 69 185508 1
185520 72 185736 0
185520 66 185628 1
185640 62 185748 1
185760 71 185976 0
185760 74 185868 1
185880 71 185988 1
186000 72 186216 0
186000 67 186108 1
186120 62 186228 1
186240 74 187104 0
186240 59 186348 1
186360 62 186468 1
186480 67 186588 1
186600 71 186708 1
186720 74 186828 1
186840 79 186948 1
186960 83 187068 1
187080 86 187188 1
187200 75 187632 0
187200 91 187308 1
187320 87 187428 1
187440 86 187548 1
187560 84 187668 1
187680 67 188328 0
187680 91 187788 1
187800 87 187908 1
187920 86 188028 1
188040 84 188148 1
188160 91 188268 1
188280 87 188388 1
188400 75 188616 0
188400 86 188508 1
188520 84 188628 1
188640 74 189072 0
188640 91 188748 1
188760 86 188868 1
188880 84 188988 1
189000 82 189108 1
189120 67 189984 0
189120 91 189228 1
189240 86 189348 1
189360 84 189468 1
189480 82 189588 1
189600 91 189708 1
189720 86 189828 1
189840 84 189948 1
189960 82 190068 1
190080 72 190296 0
190080 87 190188 1
190200 84 190308 1
190320 70 190536 0
190320 82 190428 1
190440 80 190548 1
190560 72 191208 0
190560 87 190668 1
190680 84 190788 1
190800 82 190908 1
190920 80 191028 1
191040 87 191148 1
191160 84 191268 1
191280 75 191496 0
191280 82 191388 1
191400 80 191508 1
191520 70 191736 0
191520 87 191628 1
191640 82 191748 1
191760 72 191976 0
191760 79 191868 1
191880 77 191988 1
192000 70 192864 0
192000 87 192108 1
192120 82 192228 1
192240 79 192348 1
192360 77 192468 1
192480 87 192588 1
192600 82 192708 1
192720 79 192828 1
192840 77 192948 1
192960 68 193392 0
192960 84 193068 1
193080 80 193188 1
193200 79 193308 1
193320 77 193428 1
193440 75 194304 0
193440 84 193548 1
193560 80 193668 1
193680 79 193788 1
193800 77 193908 1
193920 84 194028 1
194040 80 194148 1
194160 79 194268 1
194280 77 194388 1
194400 67 194832 0
194400 84 194508 1
194520 79 194628 1
194640 77 194748 1
194760 75 194868 1
194880 75 195744 0
194880 84 194988 1
195000 79 195108 1
195120 77 195228 1
195240 75 195348 1
195360 84 195468 1
195480 79 195588 1
195600 77 195708 1
195720 75 195828 1
195840 74 196056 0
195840 86 195948 1
195960 81 196068 1
196080 75 196296 0
196080 78 196188 1
196200 74 196308 1
196320 77 196968 0
196320 86 196428 1
196440 81 196548 1
196560 78 196668 1
196680 74 196788 1
196800 86 196908 1
196920 81 197028 1
197040 72 197256 0
197040 78 197148 1
197160 74 197268 1
197280 71 197496 0
197280 86 197388 1
197400 83 197508 1
197520 72 197736 0
197520 79 197628 1
197640 74 197748 1
197760 74 198192 0
197760 83 197868 1
197880 79 197988 1
198000 74 198108 1
198120 71 198228 1
198240 71 198672 0
198240 79 198348 1
198360 74 198468 1
198480 71 198588 1
198600 67 198708 1
198720 72 200016 0
198720 72 200016 1
200160 87,84,79 200592 1
200640 91,87,82 201072 1
201120 63 201336 1
201360 65 201576 1
201600 67 202032 1
202080 67 202512 1
202560 68 202776 1
202800 70 203016 1
203040 70,70 203496 1
203520 77 203736 1
203760 82 203904 1
204000 80,65 204216 1
204240 79,67 204456 1
204480 68 204696 1
204720 67 204936 1
204960 68 205176 1
205200 70 205416 1
205440 72 205656 1
205680 74 205896 1
205920 75 207216 1
207360 84,80 207576 1
207600 86 207816 1
207840 87 208488 1
208560 84 208776 1
208800 82 209016 1
209040 80 209256 1
209280 79 209496 1
209520 80 209736 1
209760 82 209976 1
210000 79 210216 1
210240 80,75,72 210888 1
210960 82 211176 1
211200 84,80,75 211632 1
211650 84 212022 1
212160 86,80 212592 1
212640 87,80,80,75 213072 1
213075 87,84 213462 1
213840 89 214056 1
214080 84,79,74 214512 1
214515 86,83 215334 1
215910 91,86,83,79 216342 1
216480 99 216523 1
216524 98 216567 1
216568 96 216611 1
216613 94 216656 1
216657 92 216700 1
216701 91 216744 1
216745 89 216788 1
216789 87 216832 1
216834 86 216877 1
216878 84 216921 1
216922 82 216965 1
216966 80 217009 1
217011 79 217054 1
217055 77 217098 1
217099 75 217142 1
217143 74 217186 1
217187 72 217230 1
217232 70 217275 1
217276 68 217319 1
217320 55 217428 1
217920 75 218352 1
218400 72 218832 1
218880 74 219744 1
219840 70 220272 1
220320 67 220968 1
221040 70 221472 1
221520 72 221736 1
221760 63 223056 1
223680 75 224112 1
224160 72 224592 1
224640 74 225504 1
225600 70 226032 1
226080 75 226728 1
226800 77 227016 1
227040 79 227256 1
227280 82 227496 1
227520 79,63 228096 1
228096 65 228192 1
228192 67 228288 1
228288 68 228384 1
228384 70 228480 1
228480 72 228560 1
228560 74 228640 1
228640 75 228720 1
228720 77 228800 1
228800 79 228816 1
228880 80 228960 1
228960 94 229392 1
229440 87,75 229872 1
229920 84,72 230352 1
230400 86,82,74 230832 1
231120 82,70 231552 1
231600 80,68 231816 1
231840 79,67 232272 1
232320 84,72 232752 1
232800 86,74 233232 1
233280 87,75 234144 1
234480 84,72 234696 1
234720 84,72 235152 1
235200 91,79 235848 1
235920 84,72 236136 1
236160 84,77,72,72 236592 1
236640 79,74 237024 1
237360 84,72 237576 1
237600 84,72 238032 1
238080 91,79 238728 1
238800 84,72 239016 1
239040 83,71 239472 1
239520 84,72 239952 1
240000 86,74 240432 1
240960 87,75 241392 1
241440 84,72 241872 1
241920 86,74 242784 1
242880 82,70 243312 1
243360 79,67 244008 1
244080 82,70 244512 1
244560 84,72 244776 1
244800 75,63 246096 1
246720 87,75 247152 1
247200 84,72 247632 1
247680 86,74 248544 1
248640 82,70 249072 1
249120 87,75 249768 1
249840 89,77 250056 1
250080 91,79 250296 1
250320 94,82 250536 1
250560 91,79,63 251136 1
251136 65 251232 1
251232 67 251328 1
251328 68 251424 1
251424 70 251520 1
251520 72 251600 1
251600 74 251680 1
251680 75 251760 1
251760 77 251840 1
251840 79 251856 1
251920 80 252000 1
252000 94 252432 1
252480 87,75 252912 1
252960 84,74,72 253392 1
253395 86 253998 1
254160 82,70 254592 1
254640 80,68 254856 1
254880 79,67 255312 1
255360 84,72 255792 1
255840 86,74 256056 1
256080 87,75 256296 1
256320 87,84,75 257016 1
257040 86 257256 1
257280 87 257712 1
257760 84,72 258192 1
258240 91,79 258888 1
258960 84,72 259176 1
259200 86,74 259632 1
259680 91,79 260112 1
260160 94,82 260592 1
260640 86,74 261936 1
262020 72,67,64 262884 1
263040 84 263472 1
263520 84,72 263952 1
264000 91,79 264648 1
264720 84,72 264936 1
264960 86,74 265392 1
265440 91,79 265872 1
265920 94,82 266352 1
266400 98,86 267696 1
267750 84,79,76,72,67,60 269046 1
269280 72 269496 1
269520 77 269736 1
269760 79 269976 1
270000 84 270216 1
270240 72 270456 1
270480 77 270696 1
270720 79 270936 1
270960 84 271176 1
271200 72 271416 1
271440 77 271656 1
271680 79 271896 1
271920 84 272136 1
272160 72 272376 1
272400 77 272616 1
272640 79 272856 1
272880 84 273096 1
273120 74 273336 1
273360 77 273576 1
273600 79 273816 1
273840 86 274056 1
274080 74 274296 1
274320 77 274536 1
274560 79 274776 1
274800 86 275016 1
275040 74 275256 1
275280 77 275496 1
275520 79 275736 1
275760 87 276192 1
276240 86 276456 1
276480 82 276696 1
276720 77 276936 1
276960 72 277176 1
277200 77 277416 1
277440 79 277656 1
277680 84 277896 1
277920 72 278136 1
278160 77 278376 1
278400 79 278616 1
278640 84 278856 1
278880 72 279096 1
279120 77 279336 1
279360 79 279576 1
279600 84 279816 1
279840 72 280056 1
280080 77 280296 1
280320 79 280536 1
280560 84 280776 1
280800 70 281016 1
281040 75 281256 1
281280 77 281496 1
281520 82 281736 1
281760 70 281976 1
282000 75 282216 1
282240 77 282456 1
282480 82 282696 1
282720 70 282936 1
282960 75 283176 1
283200 77 283416 1
283440 82 283656 1
283680 70 283896 1
283920 75 284136 1
284160 77 284376 1
284400 82 284616 1
284640 72 284856 1
284880 77 285096 1
285120 79 285336 1
285360 84 285576 1
285600 72 285816 1
285840 77 286056 1
286080 79 286296 1
286320 84 286536 1
286560 72 286776 1
286800 77 287016 1
287040 79 287256 1
287280 84 287496 1
287520 72 287736 1
287760 77 287976 1
288000 79 288216 1
288240 84 288456 1
