0 57 1728 1
240 64 672 0
720 64 1152 0
1200 64 1632 0
1680 64 1896 0
1920 61 3648 1
2160 68 2592 0
2640 68 3072 0
3120 68 3552 0
3600 68 3816 0
3840 62 5568 1
4080 69 4512 0
4560 69 4992 0
5040 69 5472 0
5520 69 5736 0
5760 64 7488 1
6000 71 6432 0
6480 71 7584 0
7680 57 9408 1
7920 64 8352 0
8400 64 8832 0
8880 64 9096 0
9120 69 9336 0
9360 64 9576 0
9600 61 11328 1
9840 68 10272 0
10320 68 10752 0
10800 68 11016 0
11040 76 11256 0
11280 68 11496 0
11520 62 13248 1
11760 69 12192 0
12240 69 12672 0
12720 69 12936 0
12960 76 13176 0
13200 69 13416 0
13440 64 15168 1
13680 71 13896 0
13920 76 14136 0
14160 81,71 14376 0
14400 80 15264 0
15178 45 15394 1
15418 52 15850 1
15840 69 16056 0
15898 52 16330 1
16080 69 16296 0
16320 69 16536 0
16378 52 16810 1
16560 64 16776 0
16800 68 17016 0
16858 52 17074 1
17040 69 17712 0
17098 49 17314 1
17338 56 17770 1
17760 69 17976 0
17818 56 18250 1
18000 69 18216 0
18240 69 18456 0
18298 56 18730 1
18480 64 18696 0
18720 71 18936 0
18778 56 18994 1
18960 69 19632 0
19018 50 19234 1
19258 57 19690 1
19680 69 19896 0
19738 57 20170 1
19920 69 20136 0
20160 69 20376 0
20218 57 20650 1
20400 64 20616 0
20640 69 20856 0
20698 57 20914 1
20880 71 21552 0
20938 52 21154 1
21178 59 21610 1
21600 76 21816 0
21658 59 22090 1
21840 74 22272 0
22138 59 22570 1
22320 73 22752 0
22618 59 22834 1
22800 69 23472 0
22858 45 23074 1
23098 52 23530 1
23520 73 23736 0
23578 52 24010 1
23760 73 23976 0
24000 73 24216 0
24058 52 24490 1
24240 69 24456 0
24480 71 24696 0
24538 52 24754 1
24720 76 25392 0
24778 49 24994 1
25018 56 25450 1
25440 76 25656 0
25498 56 25930 1
25680 76 25896 0
25920 76 26136 0
25978 56 26410 1
26160 68 26376 0
26400 69 26616 0
26458 56 26674 1
26640 71 27312 0
26698 50 26914 1
26938 57 27370 1
27360 69 27576 0
27418 57 27850 1
27600 69 27816 0
27840 69 28056 0
27898 57 28330 1
28080 64 28296 0
28320 71 28536 0
28378 57 28594 1
28560 73 28776 0
28618 52 28834 1
28800 74 29232 0
28858 59 29290 1
29280 73 29496 0
29338 59 29554 1
29520 71 29736 0
29578 53 29794 1
29760 71 29976 0
29818 61 30250 1
30000 76 30216 0
30240 74 30456 0
30298 61 30514 1
30480 73 31152 0
30538 54 30754 1
30778 61 30994 1
31018 66 31234 1
31200 81,73 31416 0
31258 61 31474 1
31440 81,73 31656 0
31498 68 31714 1
31680 81,73 31896 0
31738 61 31954 1
31920 80 32136 0
31978 66 32194 1
32160 76 32376 0
32218 61 32434 1
32400 74 32856 0
32458 50 32674 1
32698 57 32914 1
32880 81 33096 0
32938 62 33154 1
33120 81,76 33336 0
33178 57 33394 1
33360 81,76 33576 0
33418 64 33634 1
33600 81,76 33816 0
33658 57 33874 1
33840 80 34056 0
33898 62 34114 1
34080 76 34296 0
34138 57 34354 1
34320 76 34776 0
34378 45 34594 1
34618 52 34834 1
34800 81 35016 0
34858 57 35074 1
35040 81 35256 0
35098 52 35314 1
35280 81 35496 0
35338 59 35554 1
35520 81 35736 0
35578 52 35794 1
35760 80 35976 0
35818 57 36034 1
36000 76 36216 0
36058 52 36274 1
36240 81 36696 0
36298 52 36514 1
36538 59 36754 1
36720 80 36936 0
36778 64 36994 1
36960 81 37176 0
37018 59 37234 1
37200 83 37416 0
37258 53 37474 1
37440 86 37656 0
37498 61 37714 1
37680 85 37896 0
37738 68 37954 1
37920 83 38136 0
37978 61 38194 1
38160 81 38616 0
38218 54 38434 1
38458 61 38674 1
38640 81 38856 0
38698 66 38914 1
38880 80 39096 0
38938 61 39154 1
39120 81 39336 0
39178 68 39394 1
39360 76 39576 0
39418 61 39634 1
39600 81 39816 0
39658 66 39874 1
39840 80 39948 0
39898 61 40114 1
39960 81 40068 0
40080 76 40536 0
40138 49 40354 1
40378 56 40594 1
40560 81 40776 0
40618 59 40834 1
40800 80 41016 0
40858 56 41074 1
41040 81 41256 0
41098 61 41314 1
41280 76 41496 0
41338 56 41554 1
41520 81 41736 0
41578 59 41794 1
41760 80 41868 0
41818 56 42034 1
41880 81 41988 0
42000 88 42456 0
42058 50 42274 1
42298 57 42514 1
42538 62 42754 1
42778 57 42994 1
43018 64 43234 1
43258 57 43474 1
43498 62 43714 1
43738 57 43954 1
43978 52 44194 1
44218 59 44434 1
44400 71 44616 0
44458 64 44674 1
44640 76 44856 0
44698 59 44914 1
44880 80 45096 0
44938 49 45154 1
45120 81,76 45336 0
45178 59 45394 1
45360 83,76 45576 0
45418 56 45634 1
45600 85,76 45816 0
45658 59 45874 1
45840 86,76,0,0,0,0,0,0,0 46296 0
45884 50 46100 1
46124 57 46340 1
46320 81 46536 0
46364 62 46580 1
46560 81 46776 0
46604 57 46820 1
46800 81 46908 0
46844 52 47060 1
46920 81 47028 0
47040 81 47256 0
47084 59 47300 1
47280 80 47496 0
47324 64 47540 1
47520 76 47736 0
47564 59 47780 1
47760 81 48216 0
47804 54 48020 1
48044 61 48260 1
48240 80 48456 0
48284 66 48500 1
48480 80 48696 0
48524 61 48740 1
48720 81 48828 0
48764 49 48980 1
48840 88 49176 0
49004 56 49220 1
49200 86 49416 0
49244 61 49460 1
49440 85 49656 0
49484 56 49700 1
49680 83 50136 0
49724 50 49940 1
49964 57 50180 1
50160 81 50376 0
50204 62 50420 1
50400 80 50616 0
50444 57 50660 1
50640 81 50748 0
50684 52 50900 1
50760 76 51096 0
50924 59 51140 1
51120 80 51336 0
51164 64 51380 1
51360 81 51576 0
51404 59 51620 1
51600 83 51816 0
51644 45 51860 1
51840 86 52056 0
51884 57 52100 1
52080 76 52296 0
52124 44 52340 1
52320 85 52536 0
52364 56 52580 1
52560 76 52776 0
52604 42 52820 1
52800 83,76 53016 0
52844 54 53060 1
53040 76 53256 0
53084 40 53300 1
53280 81,76 53496 0
53324 52 53540 1
53520 76 53976 0
53564 50 53780 1
53804 57 54020 1
54000 81 54216 0
54044 62 54260 1
54240 81 54456 0
54284 57 54500 1
54480 81 54588 0
54524 52 54740 1
54600 81 54936 0
54764 59 54980 1
54960 80 55176 0
55004 64 55220 1
55200 76 55416 0
55244 59 55460 1
55440 81 55896 0
55484 54 55700 1
55724 61 55940 1
55920 80 56136 0
55964 66 56180 1
56160 80 56376 0
56204 61 56420 1
56400 81 56508 0
56444 49 56660 1
56520 88 56856 0
56684 56 56900 1
56880 86 57096 0
56924 61 57140 1
57120 85 57336 0
57164 56 57380 1
57360 83 57816 0
57404 50 57620 1
57644 57 57860 1
57840 81 58056 0
57884 62 58100 1
58080 80 58296 0
58124 57 58340 1
58320 81 58428 0
58364 52 58580 1
58440 83 58776 0
58604 59 58820 1
58800 86 59016 0
58844 64 59060 1
59040 85 59256 0
59084 59 59300 1
59280 81,0,0,0,0,0,0,0 59736 0
59310 57 61038 1
59760 64 60192 0
60240 64 60672 0
60720 64 61152 0
61200 64 61416 0
61230 61 62958 1
61680 68 62112 0
62160 68 62592 0
62640 68 63072 0
63120 68 63336 0
63150 62 64878 1
63600 69 64032 0
64080 69 64512 0
64560 69 64992 0
65040 69 65256 0
65070 64 66798 1
65520 71 65952 0
66000 71 66432 0
66480 71 67128 0
66990 57 68718 1
67440 64 67872 0
67920 64 68352 0
68400 64 68616 0
68640 69 68856 0
68880 64 69096 0
68910 61 70638 1
69360 68 69792 0
69840 68 70272 0
70320 68 70536 0
70560 76 70776 0
70800 68 71016 0
70830 62 72558 1
71280 69 71712 0
71760 69 72192 0
72240 69 72456 0
72480 76 72696 0
72720 69 72936 0
72750 64 74478 1
73200 71 73416 0
73440 76 73656 0
73680 81,71 73896 0
73920 80 74784 0
74670 45 74886 1
74896 52 75328 1
75360 69 75576 0
75376 52 75808 1
75600 69 75816 0
75840 69 76056 0
75856 52 76288 1
76080 64 76296 0
76320 68 76536 0
76336 52 76552 1
76560 69 77232 0
76576 49 76792 1
76816 56 77248 1
77280 69 77496 0
77296 56 77728 1
77520 69 77736 0
77760 69 77976 0
77776 56 78208 1
78000 64 78216 0
78240 71 78456 0
78256 57 78472 1
78480 69 79152 0
78496 50 78712 1
78736 57 79168 1
79200 69 79416 0
79216 57 79648 1
79440 69 79656 0
79680 69 79896 0
79696 57 80128 1
79920 64 80136 0
80160 69 80376 0
80176 57 80392 1
80400 71 81072 0
80416 52 80632 1
80656 59 81088 1
81120 76 81336 0
81136 59 81568 1
81360 74 81792 0
81616 59 82048 1
81840 73 82272 0
82096 59 82312 1
82320 69 82992 0
82336 45 82552 1
82576 52 83008 1
83040 73 83256 0
83056 52 83488 1
83280 73 83496 0
83520 73 83736 0
83536 52 83968 1
83760 69 83976 0
84000 71 84216 0
84016 52 84232 1
84240 76 84912 0
84256 49 84472 1
84496 56 84928 1
84960 76 85176 0
84976 56 85408 1
85200 76 85416 0
85440 76 85656 0
85456 56 85888 1
85680 68 85896 0
85920 69 86136 0
85936 56 86152 1
86160 71 86832 0
86176 50 86392 1
86416 57 86848 1
86880 69 87096 0
86896 57 87328 1
87120 69 87336 0
87360 69 87576 0
87376 57 87808 1
87600 64 87816 0
87840 71 88056 0
87856 57 88072 1
88080 73 88296 0
88096 52 88312 1
88320 74 88752 0
88336 59 88768 1
88800 73 89016 0
88816 59 89032 1
89040 71 89496 0
89056 53 89272 1
89296 61 89728 1
89520 76 89736 0
89760 74 89976 0
89776 61 89992 1
90000 73 90216 0
90002 54 91730 1
90720 81,73 90936 0
90960 81,73 91176 0
91200 81,73 91416 0
91440 80,71 91656 0
91680 76,68 91896 0
91920 74,66 92592 0
91922 50 93650 1
92640 81,73 92856 0
92880 81,73 93096 0
93120 81,73 93336 0
93360 80,71 93576 0
93600 76,68 93816 0
93840 76,68 94512 0
93842 57 95570 1
94560 81,73 94776 0
94800 81,73 95016 0
95040 81,73 95256 0
95280 80,71 95496 0
95520 76,68 95736 0
95760 81,73 96216 0
95762 52 96626 1
96240 80,71 96456 0
96480 81,73 96696 0
96720 83,74 96936 0
96722 53 97586 1
96960 86,78 97176 0
97200 85,76 97416 0
97440 83,74 97656 0
97596 61,54 97704 1
97680 85,76 97896 0
97716 61,54 97824 1
97836 61,54 98052 1
97920 69 98028 0
98040 69 98148 0
98076 61,54 98292 1
98160 81,73 98376 0
98316 61,54 98424 1
98400 80,71 98616 0
98436 61,54 98664 1
98640 81,73 98748 0
98676 61,54 98784 1
98760 69 98988 0
98796 61,54 99012 1
99000 69 99108 0
99036 61,54 99252 1
99120 81,73 99336 0
99276 61,54 99492 1
99360 80,71 99576 0
99516 57,50 99624 1
99600 81,73 99816 0
99636 57,50 99744 1
99756 57,50 99972 1
99840 69 99948 0
99960 69 100068 0
99996 57,50 100212 1
100080 81,73 100296 0
100236 57,50 100344 1
100320 80,71 100536 0
100356 57,50 100584 1
100560 81,73 100668 0
100596 57,50 100704 1
100680 88 100788 0
100716 57,50 100932 1
100956 57,50 101172 1
101040 81,73 101256 0
101196 57 101412 1
101280 80,71 101496 0
101436 59,52 103164 1
101520 81,73 101736 0
101760 64 101868 0
101880 69 101988 0
102000 71 102108 0
102120 76 102228 0
102240 81 102348 0
102360 83 102468 0
102480 88 102588 0
102600 83 102708 0
102720 81 102828 0
102840 76 102948 0
102960 71 103068 0
103080 69 103188 0
103164 58,56,53,46 104028 1
103200 64 103308 0
103320 69 103428 0
103440 71 103548 0
103560 76 103668 0
103668 60 103776 0
103788 61 103896 0
103908 65 104016 0
104028 68 104136 0
104124 58,56,53,46 104988 1
104148 72 104256 0
104268 73 104376 0
104388 77 104496 0
104508 80 104616 0
104628 60 104736 0
104748 64 104856 0
104868 67 104976 0
104988 70 105096 0
105084 49 105300 1
105108 72 105216 0
105228 76 105336 0
105324 56 105540 1
105348 79 105456 0
105468 82 105576 0
105564 61 105780 1
105804 56 106020 1
105828 80 106044 0
106044 51 106260 1
106068 80 106284 0
106284 58 106500 1
106308 80 106416 0
106428 80 106764 0
106524 63 106740 1
106764 58 106980 1
106788 79 107004 0
106990 53 107206 1
107028 75 107244 0
107230 60 107446 1
107268 80,0,0,0,0,0,0,0 107724 0
107470 65 107686 1
107710 60 107926 1
107748 79 107964 0
107950 48 108166 1
107988 79 108204 0
108190 55 108406 1
108228 80 108336 0
108348 87 108684 0
108430 60 108646 1
108670 55 108886 1
108708 85 108924 0
108910 49 109126 1
108948 84 109164 0
109150 56 109366 1
109188 82 109644 0
109390 61 109606 1
109630 56 109846 1
109668 80 109884 0
109870 51 110086 1
109908 79 110124 0
110110 58 110326 1
110148 80 110256 0
110268 75 110604 0
110350 63 110566 1
110590 58 110806 1
110628 79 110844 0
110830 56,44 111262 1
110868 80 111084 0
111108 82 111324 0
111310 55,43 111742 1
111348 85 111456 0
111468 75 111576 0
111588 80 111696 0
111708 85 111816 0
111790 53,41 112222 1
111828 84 111936 0
111948 75 112056 0
112068 80 112176 0
112188 84 112296 0
112270 51,39 112702 1
112308 82 112416 0
112428 75 112536 0
112548 79 112656 0
112668 82 112776 0
112750 49 112966 1
112788 80 112896 0
112908 75 113016 0
112990 56 113206 1
113028 79 113136 0
113148 80 113256 0
113230 61 113446 1
113470 56 113686 1
113508 80 113724 0
113710 51 113926 1
113748 80 113964 0
113950 58 114166 1
113988 80 114096 0
114108 80 114444 0
114190 63 114406 1
114430 58 114646 1
114468 79 114684 0
114670 53 114886 1
114708 75 114924 0
114910 60 115126 1
114948 80 115404 0
115150 65 115366 1
115390 60 115606 1
115428 80 115644 0
115630 48 115846 1
115668 79 115884 0
115870 55 116086 1
115908 80 116016 0
116028 87 116364 0
116110 60 116326 1
116350 55 116566 1
116388 85 116604 0
116590 49 116806 1
116628 84 116844 0
116830 56 117046 1
116868 82 117324 0
117070 61 117286 1
117310 56 117526 1
117348 80 117564 0
117550 51 117766 1
117588 79 117804 0
117790 58 118006 1
117828 80 117936 0
117948 82 118284 0
118030 63 118246 1
118270 58 118486 1
118308 85 118524 0
118486 52 118702 1
118548 84 118764 0
118726 59 118942 1
118788 81,80,78,74 119004 0
118966 64 119182 1
119206 59 119422 1
119432 52 120296 1
119488 66,0,0,0,0 119704 0
119728 69 119944 0
119968 71,68,64 120832 0
120306 50,38 123954 1
121168 81 121384 0
121408 80 121624 0
121648 81 121756 0
121768 76 122104 0
122128 81 122344 0
122368 80 122584 0
122608 81 122824 0
123088 93 123304 0
123328 92 123544 0
123568 93 123676 0
123688 88 124024 0
124048 93 124264 0
124146 54,42 127794 1
124288 92 124504 0
124528 93 124744 0
125008 81 125224 0
125248 80 125464 0
125488 81 125596 0
125608 76 125944 0
125968 81 126184 0
126208 80 126424 0
126448 81 126664 0
126928 93 127144 0
127168 92 127384 0
127408 93 127516 0
127528 88 127864 0
127794 51,46,39 128226 1
127888 97 128104 0
128128 95 128344 0
128274 63,58,51 128634 1
128368 97 128584 0
128634 53,48,41 129186 1
128824 82,77 129040 0
129064 81,77 129280 0
129234 60,53 129666 1
129304 82 129412 0
129424 77,72 129760 0
129714 55,50,43 130146 1
129784 82 130000 0
130024 81,77 130240 0
130194 62,57,50 130554 1
130264 82 130480 0
130554 50,45,38 131106 1
130744 82,77 130960 0
130984 81,77 131200 0
131154 57,50 131370 1
131224 82,77 131332 0
131344 89,82,77 131452 0
131394 57,50 131610 1
131634 51,46,39 132066 1
131704 87 131920 0
131944 86 132160 0
132114 63,58,51 132474 1
132184 84 132400 0
132474 53,48,41 133026 1
132664 82,77 132880 0
132904 81,77 133120 0
133074 60,53 133506 1
133144 82 133252 0
133264 77,72 133600 0
133554 58,46 133986 1
133624 82 133840 0
133864 84 134080 0
134034 57,45 134466 1
134104 82 134320 0
134344 87,82,77 134776 0
134514 55,43 134946 1
134824 86,82,77 135256 0
134994 53,41 135426 1
135304 84,79,77 135736 0
135474 51,46,39 135906 1
135784 82,79,77 136216 0
135954 63,58,51 136314 1
136314 53,48,41 136866 1
136504 82,77 136720 0
136744 81,77 136960 0
136914 60,53 137346 1
136984 82 137092 0
137104 77,72 137440 0
137394 55,50,43 137826 1
137464 82 137680 0
137704 81,77 137920 0
137874 62,57,50 138234 1
137944 82 138160 0
138234 50,45,38 138786 1
138424 82,77 138640 0
138664 81,77 138880 0
138834 57,50 139050 1
138904 82,77 139012 0
139024 89,82,77 139132 0
139074 57,50 139290 1
139314 51,46,39 139746 1
139384 87,81 139600 0
139624 86,81 139840 0
139794 63,58,51 140154 1
139864 84,81 140080 0
140154 53,48,41 140706 1
140344 82,77 140560 0
140584 81,77 140800 0
140754 60,53 141186 1
140824 82,77 140932 0
140944 84,77 141280 0
141234 55 141450 1
141304 87 141520 0
141474 62 141690 1
141544 86 141760 0
141714 67 141930 1
141784 82,0,0,0,0,0,0,0,0,0,0,0,0,0,0,0,0,0,0,0,0,0,0,0 143752 0
141954 69 142170 1
142194 70 142410 1
142434 74 142650 1
142674 77 142890 1
142914 81 143130 1
143140 63 144004 1
144100 65 144964 1
144184 82 144292 0
144304 74 144412 0
144424 81 144532 0
144544 74 144652 0
144664 82 144772 0
144784 74 144892 0
144904 77 145012 0
145024 72 145132 0
145060 67 145924 1
145144 82 145252 0
145264 72 145372 0
145384 81 145492 0
145504 72 145612 0
145624 82 145732 0
145744 72 145972 0
145984 74 146092 0
146020 62 146884 1
146104 82 146212 0
146224 74 146332 0
146344 81 146452 0
146464 74 146572 0
146584 82 146692 0
146704 74 146812 0
146824 89 146932 0
146944 72 147052 0
146980 63 147844 1
147064 87 147172 0
147184 72 147292 0
147304 86 147412 0
147424 72 147532 0
147544 84 147652 0
147664 72 147892 0
147904 70 148012 0
147940 65 148804 1
148024 82 148132 0
148144 70 148252 0
148264 81 148372 0
148384 70 148492 0
148504 82 148612 0
148624 70 148732 0
148744 77 148852 0
148864 72 148972 0
148900 70 149332 1
148984 82 149092 0
149104 72 149212 0
149224 84 149332 0
149344 72 149452 0
149380 69 149812 1
149464 82 149572 0
149584 72 149692 0
149704 87 149812 0
149824 77 149932 0
149860 67 150292 1
149944 82 150052 0
150064 87 150172 0
150184 86 150292 0
150304 77 150412 0
150340 65 150772 1
150424 82 150532 0
150544 86 150652 0
150664 84 150772 0
150782 51,46,39 150890 1
150784 77 150892 0
150902 58 151010 1
150904 81 151012 0
151022 58 151130 1
151024 84,0 151132 0
151142 58 151250 1
151144 82,0,0 151198 0
151204 81,0 151258 0
151262 57 151370 1
151264 79,0 151318 0
151324 77,0 151378 0
151382 57 151490 1
151384 75,0,0 151438 0
151444 74,0 151498 0
151502 58 151610 1
151504 72,0,0,0 151612 0
151622 58 151646 1
151742 53,48,41 151850 1
151744 70,65 152068 0
151862 62 151970 1
151982 62 152090 1
152102 62 152210 1
152104 69,65 152320 0
152222 60 152330 1
152342 60 152450 1
152344 70,65 152560 0
152462 62 152570 1
152582 62 152606 1
152584 65,60 152800 0
152702 55,50,43 152810 1
152822 62 152930 1
152824 70,65 153040 0
152942 62 153050 1
153062 62 153170 1
153064 69,65 153280 0
153182 60 153290 1
153302 60 153410 1
153304 70,65 153520 0
153422 62 153530 1
153542 62 153566 1
153662 50,45,38 153770 1
153664 70,65 153988 0
153782 60 153890 1
153902 60 154010 1
154022 60 154130 1
154024 69,65 154240 0
154142 58 154250 1
154262 58 154370 1
154264 70,65 154480 0
154382 60 154490 1
154502 60 154526 1
154504 77,72,70 154720 0
154622 51,46,39 154730 1
154742 58 154850 1
154744 75,72,70 154960 0
154862 58 154970 1
154982 58 155090 1
154984 74,70 155200 0
155102 57 155210 1
155222 57 155330 1
155224 72,70 155440 0
155342 58 155450 1
155462 58 155486 1
155582 53,48,41 155690 1
155584 70,65 155908 0
155702 60 155810 1
155822 60 155930 1
155942 60 156050 1
155944 69,65 156160 0
156062 58 156170 1
156182 58 156290 1
156184 70,65 156400 0
156302 60 156410 1
156422 60 156446 1
156424 72,65 156640 0
156542 58,53,46 156974 1
156664 75,65 156880 0
156904 74,65 157120 0
157022 57,45 157454 1
157144 70,65 157600 0
157502 55,50,43 157934 1
157624 65 157732 0
157744 69 157852 0
157864 70 157972 0
157982 53,48,41 158414 1
157984 65 158092 0
158104 69 158212 0
158224 70 158332 0
158344 74 158452 0
158462 51,46,39 158570 1
158464 70 158572 0
158582 51 158690 1
158584 72 158692 0
158702 39 158810 1
158704 74 158812 0
158822 51 158930 1
158824 77 158932 0
158942 39 159050 1
158944 70 159052 0
159062 51 159170 1
159064 74 159172 0
159182 39 159290 1
159184 77 159292 0
159302 51 159326 1
159422 53,48,41 159530 1
159424 82,77 159748 0
159542 53 159650 1
159662 41 159770 1
159782 53 159890 1
159784 81,77 160000 0
159902 41 160010 1
160022 53 160130 1
160024 82,77 160240 0
160142 41 160250 1
160262 53 160286 1
160264 77,72 160480 0
160382 55,50,43 160490 1
160502 55 160610 1
160504 82,77 160720 0
160622 43 160730 1
160742 55 160850 1
160744 81,77 160960 0
160862 43 160970 1
160982 55 161090 1
160984 82,77 161200 0
161102 43 161210 1
161222 55 161246 1
161342 50,45,38 161450 1
161344 82,77 161668 0
161462 50 161570 1
161582 38 161690 1
161702 50 161810 1
161704 81,77 161920 0
161822 38 161930 1
161942 50 162050 1
161944 82,77 162160 0
162062 38 162170 1
162182 50 162206 1
162184 89,77 162400 0
162302 51,46,39 162410 1
162422 51 162530 1
162424 87,77 162640 0
162542 39 162650 1
162662 51 162770 1
162664 86,77 162880 0
162782 39 162890 1
162902 51 163010 1
162904 84,77 163120 0
163022 39 163130 1
163142 51 163166 1
163262 53,48,41 163370 1
163264 82,77 163588 0
163382 53 163490 1
163502 41 163610 1
163622 53 163730 1
163624 81 163840 0
163742 41 163850 1
163862 53 163970 1
163864 82,77 164080 0
163982 41 164090 1
164102 53 164126 1
164104 77 164320 0
164222 58,53,46 164654 1
164344 82,77 164560 0
164584 84,77 164800 0
164702 57,45 165134 1
164824 82,77 165040 0
165064 87 165172 0
165182 55,50,43 165614 1
165184 77 165292 0
165304 82 165412 0
165424 87 165532 0
165544 86 165652 0
165662 53,48,41 166094 1
165664 77 165772 0
165784 82 165892 0
165904 86 166012 0
166024 84 166132 0
166104 51,46,39 166212 1
166144 77 166252 0
166224 51 166332 1
166264 81 166372 0
166344 39 166452 1
166384 84 166492 0
166464 51 166572 1
166504 82 166612 0
166584 39 166692 1
166624 74 166732 0
166704 51 166812 1
166744 77 166852 0
166824 39 166932 1
166864 82 166972 0
166944 51 166968 1
167064 53,48,41 167172 1
167104 70,65 167428 0
167184 53 167292 1
167304 41 167412 1
167424 53 167532 1
167464 69,65 167680 0
167544 41 167652 1
167664 53 167772 1
167704 70,65 167920 0
167784 41 167892 1
167904 53 167928 1
167944 65,60 168160 0
168024 55,50,43 168132 1
168144 55 168252 1
168184 70,65 168400 0
168264 43 168372 1
168384 55 168492 1
168424 69,65 168640 0
168504 43 168612 1
168624 55 168732 1
168664 70,65 168880 0
168744 43 168852 1
168864 55 168888 1
168984 50,45,38 169092 1
169024 70,65 169348 0
169104 50 169212 1
169224 38 169332 1
169344 50 169452 1
169384 69,65 169600 0
169464 38 169572 1
169584 50 169692 1
169624 70,65 169840 0
169704 38 169812 1
169824 50 169848 1
169864 77,72,70 170080 0
169944 51,46,39 170052 1
170064 51 170172 1
170104 75,72,70 170320 0
170184 39 170292 1
170304 51 170412 1
170344 74,70 170560 0
170424 39 170532 1
170544 51 170652 1
170584 72,70 170800 0
170664 39 170772 1
170784 51 170808 1
170904 53,48,41 171012 1
170944 70,65 171268 0
171024 53 171132 1
171144 41 171252 1
171264 53 171372 1
171304 69,65 171520 0
171384 41 171492 1
171504 53 171612 1
171544 70,65 171760 0
171624 41 171732 1
171744 53 171768 1
171784 72,65 172000 0
171864 46,41,34 173592 1
172024 75,65 172240 0
172264 74,65 172480 0
172504 72,65 172720 0
172744 70,65,62 174472 0
173602 51 175330 1
174904 70,65 175336 0
175384 70,65 175816 0
175522 51 177250 1
175864 70,65 176296 0
176344 70,65 176800 0
176824 70,65 177256 0
177304 70,65 177736 0
177442 55 179170 1
177784 70,65 178216 0
178264 70,65 178720 0
178744 70,67 179176 0
179224 70,67 179656 0
179362 55 181090 1
179704 70,67 180136 0
180184 70,67 180640 0
180664 69,65 181096 0
181144 69,65 181576 0
181282 51 183010 1
181624 69,65 182056 0
182104 69,65 182560 0
182584 70,65 184480 0
183202 51 184930 1
184504 70,65 186040 0
185122 55 186850 1
186117 77,74,70,69 187845 0
