23 69,64,61,57 432 0
90 54 1296 1
480 68 912 0
960 64 1392 0
1440 66 2304 0
1440 61,57,50 2736 1
2400 66 2832 0
2880 61 3312 0
2880 57,52 4176 1
3360 62 3792 0
3840 64 4272 0
4320 59 5616 0
4320 56,52 4536 1
4560 54 4776 1
4800 56 5016 1
5040 57 5256 1
5280 64 5496 1
5520 59 5616 1
5715 69,64 6192 0
5760 54,42 6408 1
6240 68 6672 0
6480 49 6696 1
6720 64 7152 0
6720 54 7152 1
7200 66,61 8064 0
7200 38 7632 1
7680 45 7896 1
7920 50 8136 1
8160 66,61 8592 0
8160 54 8376 1
8400 57 8616 1
8640 61,57 9936 0
8640 45 9072 1
9120 52 9336 1
9360 57 9576 1
9600 61 10032 1
10080 59,56 11376 0
10080 40 10512 1
10560 47 10776 1
10800 52 11016 1
11040 56 11256 1
11280 59 11496 1
11460 69,64,61 11952 0
11520 42 11952 1
12000 68 12432 0
12000 49 12432 1
12480 64,61 12912 0
12480 54 12912 1
12960 66,61 13824 0
12960 38 13392 1
13440 45 13656 1
13680 50 13896 1
13920 64,61 14352 0
13920 54 14352 1
14400 59,56 15264 0
14400 40 14832 1
14880 47 15096 1
15120 52 15336 1
15360 62 15792 0
15360 56 15792 1
15840 61,57 16704 0
15840 45 16272 1
16320 52 16536 1
16560 57 16776 1
16800 59,56 17232 0
16800 44 17232 1
17280 57 17712 0
17280 42 17712 1
17760 56 18192 0
17760 49 17976 1
18000 54 18216 1
18240 57 18672 0
18240 57 18672 1
18720 64,54 19584 0
18720 38 19152 1
19200 45 19416 1
19440 50 19656 1
19680 57 20112 0
19680 54 20112 1
20160 59,57,52 21456 0
20160 40 20592 1
20640 47 20856 1
20880 52 21096 1
21120 57 21336 1
21360 59 21576 1
21600 71,69 22896 0
21600 64 22896 1
22950 81,76,73,69 23472 0
23040 54 24336 1
23520 80 23952 0
24000 76,73,66 24432 0
24435 78,76 25128 0
24480 50 25776 1
25200 69 25416 0
25440 78,76,73 25872 0
25920 73,69,64 26352 0
25920 45 27216 1
26400 74 26832 0
26880 76 27312 0
27360 71 28656 0
27360 52 27576 1
27600 54 27816 1
27840 56 28056 1
28080 57 28296 1
28320 64 28536 1
28560 59 28776 1
28800 69,61 29232 0
28800 42 29448 1
29280 68,61 29712 0
29520 49 29736 1
29760 64,61 30192 0
29760 54 30192 1
30240 64,61 30888 0
30240 38 30672 1
30720 45 30936 1
30960 64,59 31680 0
30960 50 31176 1
31200 50 31416 1
31440 52 31656 1
31680 69,64 32976 0
31680 40 32112 1
32160 47 32376 1
32400 52 32616 1
32640 59 32856 1
32880 57 33096 1
33120 61,57 33552 0
33120 45 33768 1
33600 62,59 34032 0
33840 44 34488 1
34080 64,59 34512 0
34560 69,61 34992 0
34560 42 35208 1
35040 68 35472 0
35280 49 35496 1
35520 64,61,57 35952 0
35520 54 35952 1
36000 64,61,57 36864 0
36000 38 36432 1
36480 45 36696 1
36720 50 37200 1
36960 64,61,57 37392 0
37200 52 37416 1
37440 64,61,57 38736 0
37440 40 37872 1
37920 47 38136 1
38160 52 38376 1
38400 61,57 38616 1
38640 64 38856 1
38880 59,56 40176 0
38880 40 39312 1
39360 52 39576 1
39600 56 39816 1
39840 59 40272 1
40320 57 40968 0
40320 54,42 40752 1
40800 49 41016 1
41040 64,57 41472 0
41040 54 41256 1
41280 57 41496 1
41520 69,61 41736 0
41520 61 41736 1
41760 69,61 42192 0
41760 40 42192 1
42240 68,59 42672 0
42240 47 42672 1
42720 69,64,61 43152 0
42720 52 43152 1
43155 76,74,69 44496 0
43200 38 44064 1
44160 50 44592 1
44550 88,86,81,76 45936 0
44640 52 45072 1
45120 54 45552 1
45600 61 46032 1
45990 97,93,88,86 48960 0
46080 57 48960 1
48960 81 49104 0
48960 42 49392 1
49120 69 49264 0
49280 73 49424 0
49440 81 49584 0
49440 49 49872 1
49600 69 49744 0
49760 73 49904 0
49920 80 50064 0
49920 54 50352 1
50080 69 50224 0
50240 73 50384 0
50400 78 50544 0
50400 38 50832 1
50560 66 50704 0
50720 69 50864 0
50880 78 51024 0
50880 45 51312 1
51040 66 51184 0
51200 69 51344 0
51360 76 51504 0
51360 50 51792 1
51520 64 51664 0
51680 69 51824 0
51840 73 51984 0
51840 45 52272 1
52000 64 52144 0
52160 69 52304 0
52320 76 52464 0
52320 52 52752 1
52480 64 52624 0
52640 69 52784 0
52800 73 52944 0
52800 57 53232 1
52960 64 53104 0
53120 69 53264 0
53280 71 53424 0
53280 40 53712 1
53440 64 53584 0
53600 66 53744 0
53760 68 53904 0
53760 47 54192 1
53920 69 54064 0
54080 71 54224 0
54240 73 54384 0
54240 52 54672 1
54400 74 54544 0
54560 76 54704 0
54720 81 54864 0
54720 42 55152 1
54880 69 55024 0
55040 73 55184 0
55200 81 55344 0
55200 49 55632 1
55360 69 55504 0
55520 73 55664 0
55680 80 55824 0
55680 54 56112 1
55840 69 55984 0
56000 73 56144 0
56160 78 56304 0
56160 38 56592 1
56320 66 56464 0
56480 69 56624 0
56640 78 56784 0
56640 45 57072 1
56800 66 56944 0
56960 69 57104 0
57120 76 57264 0
57120 50 57552 1
57280 64 57424 0
57440 69 57584 0
57600 73 57744 0
57600 45 58032 1
57760 64 57904 0
57920 69 58064 0
58080 76 58224 0
58080 52 58512 1
58240 64 58384 0
58400 69 58544 0
58560 73 58704 0
58560 57 58992 1
58720 64 58864 0
58880 69 59024 0
59040 71 59184 0
59040 40 59472 1
59200 64 59344 0
59360 68 59504 0
59520 71 59664 0
59520 47 59952 1
59680 68 59824 0
59840 76 59984 0
60000 71 60144 0
60000 52 60432 1
60160 80 60304 0
60320 76 60464 0
60480 81 60624 0
60480 42 60912 1
60640 69 60784 0
60800 73 60944 0
60960 81 61104 0
60960 49 61392 1
61120 69 61264 0
61280 73 61424 0
61440 80 61584 0
61440 54 61872 1
61600 69 61744 0
61760 73 61904 0
61920 78 62064 0
61920 38 62352 1
62080 66 62224 0
62240 69 62384 0
62400 78 62544 0
62400 45 62832 1
62560 66 62704 0
62720 69 62864 0
62880 76 63024 0
62880 50 63312 1
63040 64 63184 0
63200 69 63344 0
63360 73 63504 0
63360 45 63792 1
63520 64 63664 0
63680 69 63824 0
63840 76 63984 0
63840 52 64272 1
64000 64 64144 0
64160 69 64304 0
64320 73 64464 0
64320 57 64752 1
64480 64 64624 0
64640 69 64784 0
64800 71 64944 0
64800 40 65232 1
64960 64 65104 0
65120 68 65264 0
65280 74 65424 0
65280 47 65712 1
65440 64 65584 0
65600 68 65744 0
65760 73 65904 0
65760 41 66192 1
65920 61 66064 0
66080 68 66224 0
66240 71 66384 0
66240 42 66672 1
66400 61 66544 0
66560 66 66704 0
66720 69 66864 0
66720 49 67152 1
66880 61 67024 0
67040 66 67184 0
67200 68 67344 0
67200 54 67632 1
67360 61 67504 0
67520 66 67664 0
67680 69 67824 0
67680 47 68112 1
67840 63 67984 0
68000 66 68144 0
68160 73 68304 0
68160 54 68592 1
68320 63 68464 0
68480 66 68624 0
68640 78 68784 0
68640 57 69072 1
68800 69 68944 0
68960 73 69104 0
69120 81 69264 0
69120 44 69552 1
69280 72 69424 0
69440 75 69584 0
69600 80 69744 0
69600 51 70032 1
69760 72 69904 0
69920 75 70064 0
70080 78 70224 0
70080 56 70512 1
70240 72 70384 0
70400 75 70544 0
70560 78 70704 0
70560 49 70992 1
70720 68 70864 0
70880 73 71024 0
71040 78 71184 0
71040 56 71472 1
71200 68 71344 0
71360 73 71504 0
71520 77 71664 0
71520 61 71952 1
71680 68 71824 0
71840 73 71984 0
72000 80 72144 0
72000 53 72432 1
72160 73 72304 0
72320 77 72464 0
72480 80 72624 0
72480 56 72912 1
72640 77 72784 0
72800 80 72944 0
72960 85 73104 0
72960 61 73392 1
73120 80 73264 0
73280 85 73424 0
73440 89 73584 0
73440 77 73872 1
73600 85 73744 0
73760 89 73904 0
73920 92 74064 0
73920 80 74352 1
74080 89 74224 0
74240 92 74384 0
74400 97 76320 0
74400 85 76320 1
76320 81 76464 0
76320 42 76752 1
76480 69 76624 0
76640 73 76784 0
76800 81 76944 0
76800 49 77232 1
76960 69 77104 0
77120 73 77264 0
77280 80 77424 0
77280 54 77712 1
77440 69 77584 0
77600 73 77744 0
77760 78 77904 0
77760 38 78192 1
77920 66 78064 0
78080 69 78224 0
78240 78 78384 0
78240 45 78672 1
78400 66 78544 0
78560 69 78704 0
78720 76 78864 0
78720 50 79152 1
78880 64 79024 0
79040 69 79184 0
79200 73 79344 0
79200 45 79632 1
79360 64 79504 0
79520 69 79664 0
79680 76 79824 0
79680 52 80112 1
79840 64 79984 0
80000 69 80144 0
80160 73 80304 0
80160 57 80592 1
80320 64 80464 0
80480 69 80624 0
80640 71 80784 0
80640 40 81072 1
80800 64 80944 0
80960 66 81104 0
81120 68 81264 0
81120 47 81552 1
81280 69 81424 0
81440 71 81584 0
81600 73 81744 0
81600 52 82032 1
81760 74 81904 0
81920 76 82064 0
82080 81 82224 0
82080 42 82512 1
82240 69 82384 0
82400 73 82544 0
82560 81 82704 0
82560 49 82992 1
82720 69 82864 0
82880 73 83024 0
83040 80 83184 0
83040 54 83472 1
83200 69 83344 0
83360 73 83504 0
83520 78 83664 0
83520 38 83952 1
83680 66 83824 0
83840 69 83984 0
84000 78 84144 0
84000 45 84432 1
84160 66 84304 0
84320 69 84464 0
84480 76 84624 0
84480 50 84912 1
84640 64 84784 0
84800 69 84944 0
84960 73 85104 0
84960 45 85392 1
85120 64 85264 0
85280 69 85424 0
85440 76 85584 0
85440 52 85872 1
85600 64 85744 0
85760 69 85904 0
85920 73 86064 0
85920 57 86352 1
86080 64 86224 0
86240 69 86384 0
86400 71 86544 0
86400 40 86832 1
86560 64 86704 0
86720 68 86864 0
86880 71 87024 0
86880 47 87312 1
87040 68 87184 0
87200 76 87344 0
87360 71 87504 0
87360 52 87792 1
87520 80 87664 0
87680 76 87824 0
87840 81 87984 0
87840 42 88272 1
88000 69 88144 0
88160 73 88304 0
88320 81 88464 0
88320 49 88752 1
88480 69 88624 0
88640 73 88784 0
88800 80 88944 0
88800 54 89232 1
88960 69 89104 0
89120 73 89264 0
89280 81 89424 0
89280 44 89712 1
89440 71 89584 0
89600 76 89744 0
89760 83 89904 0
89760 52 90192 1
89920 76 90064 0
90080 71 90224 0
90240 76 90384 0
90240 56 90672 1
90400 71 90544 0
90560 83 90704 0
90720 86 90864 0
90720 45 91152 1
90880 76 91024 0
91040 81 91184 0
91200 85 91344 0
91200 52 91632 1
91360 76 91504 0
91520 81 91664 0
91680 83 91824 0
91680 57 92112 1
91840 81 91984 0
92000 76 92144 0
92160 85 92304 0
92160 49 92592 1
92320 80 92464 0
92480 78 92624 0
92640 73 92784 0
92640 56 93072 1
92800 80 92944 0
92960 78 93104 0
93120 73 93264 0
93120 61 93552 1
93280 78 93424 0
93440 80 93584 0
93600 81 93744 0
93600 50 94032 1
93760 69 93904 0
93920 73 94064 0
94080 81 94224 0
94080 57 94512 1
94240 69 94384 0
94400 73 94544 0
94560 80 94704 0
94560 61 94992 1
94720 69 94864 0
94880 73 95024 0
95040 81 95184 0
95040 52 95472 1
95200 71 95344 0
95360 73 95504 0
95520 80 95664 0
95520 59 95952 1
95680 71 95824 0
95840 73 95984 0
96000 76 96144 0
96000 61 96432 1
96160 71 96304 0
96320 73 96464 0
96480 78 96624 0
96480 54 96912 1
96640 71 96784 0
96800 73 96944 0
96960 78 97104 0
96960 61 97392 1
97120 71 97264 0
97280 73 97424 0
97440 78 97584 0
97440 66 97872 1
97600 71 97744 0
97760 73 97904 0
97920 78 98064 0
97920 54 98352 1
98080 70 98224 0
98240 73 98384 0
98400 78 98544 0
98400 61 98832 1
98560 70 98704 0
98720 73 98864 0
98880 78 99096 0
98880 66 99312 1
99120 76 99336 0
99360 74 100008 0
99360 47 99576 1
99600 54 99816 1
99840 57 100056 1
100080 73 100296 0
100080 59 100296 1
100320 74 100536 0
100320 66 100752 1
100560 80,78,74,71 100776 0
100800 40 101016 1
101040 47 101256 1
101280 52 101496 1
101520 54 101736 1
101760 74 101976 0
101760 56 102192 1
102000 71 102216 0
102240 73 102888 0
102240 45 102456 1
102480 52 102696 1
102720 57 102936 1
102960 71 103176 0
102960 59 103176 1
103200 73 103416 0
103200 61 103416 1
103440 80,78,73,69 103656 0
103680 38 103896 1
103920 45 104136 1
104160 50 104376 1
104400 52 104616 1
104640 54 104856 1
104880 57 105096 1
105120 71 105552 0
105120 43 105336 1
105360 50 105576 1
105600 73 106032 0
105600 55 105816 1
105840 59 106056 1
106080 74 106296 0
106080 62 106296 1
106320 78,77,73,68 106536 0
106560 37 106776 1
106800 44 107016 1
107040 78,68 107472 0
107040 49 107256 1
107280 53 107496 1
107520 80,68 107736 0
107520 56 107952 1
107760 83,78,73,73 107976 0
108000 42 108216 1
108240 49 108456 1
108480 81 108912 0
108480 54 108696 1
108720 57 108936 1
108960 80 109176 0
108960 61 109176 1
109200 78 109416 0
109200 66 109416 1
109440 77 109656 0
109440 49 109656 1
109680 73 109896 0
109680 56 109896 1
109920 86 110352 0
109920 61 110136 1
110160 61 110808 1
110400 85 110832 0
110880 81,74 111312 0
110880 47 111096 1
111120 54 111336 1
111360 81,74 111792 0
111360 57 111576 1
111600 59 111816 1
111840 80,74 112056 0
111840 66 112272 1
112080 78 112296 0
112320 80,71 112536 0
112320 40 112536 1
112560 81 112776 0
112560 47 112776 1
112800 83 113664 0
112800 52 113016 1
113040 54 113256 1
113280 56 113496 1
113520 59 113736 1
113670 80,73,71 114192 0
113760 45 113976 1
114000 52 114216 1
114240 80,73 114672 0
114240 56 114456 1
114480 57 114696 1
114720 85,73 114936 0
114720 61 115152 1
114960 76 115176 0
115200 78,73 115416 0
115200 50 115416 1
115440 80 115656 0
115440 57 115656 1
115680 78 116544 0
115680 61 115896 1
115920 62 116136 1
116160 66 116376 1
116400 69 116616 1
116640 83,79 116856 0
116640 43 116856 1
116880 81,78 117096 0
116880 50 117096 1
117120 79,74 117984 0
117120 55 117336 1
117360 57 117576 1
117600 59 117816 1
117840 62 118056 1
118080 74,71 118296 0
118080 67 118296 1
118320 73,69 118536 0
118320 62 118536 1
118560 71,67 118992 0
118560 59 118776 1
118800 55 119016 1
119040 74,71 119472 0
119040 50 119472 1
119520 66 119736 0
119520 42 119736 1
119760 73,68 119976 0
119760 49 119976 1
120000 78,73 120216 0
120000 54 120216 1
120240 73,68 120456 0
120240 59 120456 1
120480 78,73 120696 0
120480 61 120696 1
120720 83,78 120936 0
120720 66 120936 1
120960 73,68 121176 0
120960 71 121176 1
121200 83,78 121416 0
121200 73 121416 1
121440 85,80 121656 0
121440 78 121656 1
121680 90,85 121896 0
121680 73 121896 1
121920 95,90 122136 0
121920 71 122136 1
122160 97,97,95,92,90 122376 0
122160 73 122376 1
122377 102 123696 0
122400 66 123696 1
123750 78,73,71 124056 0
123840 43 124056 1
124080 76,71 124296 0
124080 50 124296 1
124320 78,74,71 124536 0
124320 55 124536 1
124560 83 124992 0
124560 59 124776 1
124800 62 125232 1
125040 78,74,71 125520 0
125280 45 125496 1
125520 76 125736 0
125520 52 125736 1
125760 78,74,71 125976 0
125760 57 125976 1
126000 85 126432 0
126000 59 126216 1
126240 61 126672 1
126480 78 126960 0
126720 47 126936 1
126960 76 127176 0
126960 54 127176 1
127200 78 127416 0
127200 59 127416 1
127440 86 127656 0
127440 61 127656 1
127680 85 127734 0
127680 62 128112 1
127740 86 127794 0
127800 85 127908 0
127920 81 128136 0
128160 78 128376 0
128160 45 128376 1
128400 76 128616 0
128400 54 128616 1
128640 81 128856 0
128640 57 128856 1
128880 78 129312 0
128880 59 129528 1
129360 74,71 129576 0
129600 66 129816 0
129600 43 129816 1
129840 73,66 130056 0
129840 50 130056 1
130080 74,66 130296 0
130080 55 130296 1
130320 78,71 130752 0
130320 57 130536 1
130560 59 130992 1
130800 74,66 131016 0
131040 45 131256 1
131280 73 131496 0
131280 52 131496 1
131520 74,66 131736 0
131520 57 131736 1
131760 81 132192 0
131760 59 131976 1
132000 61 132432 1
132240 74 132456 0
132480 73 132912 0
132480 42 132696 1
132720 54 132936 1
132960 69 133176 0
132960 57 133176 1
133200 66 133632 0
133200 61 133416 1
133440 64 133872 1
133680 78 133896 0
133920 76 133974 0
133920 47 134136 1
133980 78 134034 0
134040 76 134148 0
134160 74 134376 0
134160 54 134376 1
134400 73 134616 0
134400 57 134616 1
134640 74 134856 0
134640 59 134856 1
134880 76 135096 0
134880 66 135312 1
135120 78 135336 0
135360 78,73,71 135576 0
135360 43 135576 1
135600 76,71 135816 0
135600 50 135816 1
135840 78,74,71 136056 0
135840 55 136056 1
136080 83 136512 0
136080 59 136296 1
136320 64 136752 1
136560 78,74,71 137040 0
136800 45 137016 1
137040 76,73 137256 0
137040 52 137256 1
137280 78,73 137496 0
137280 57 137496 1
137520 85 137952 0
137520 59 137736 1
137760 61 138192 1
138000 78 138480 0
138240 47 138456 1
138480 76 138696 0
138480 54 138696 1
138720 78 138936 0
138720 59 138936 1
138960 86 139176 0
138960 61 139176 1
139200 85 139254 0
139200 62 139632 1
139260 86 139314 0
139320 85 139428 0
139440 81 139656 0
139680 78 139896 0
139680 45 139896 1
139920 76 140136 0
139920 54 140136 1
140160 81 140376 0
140160 57 140376 1
140400 78 140472 0
140400 61 141048 1
140480 81 140552 0
140560 78 140632 0
140640 76 140856 0
140880 74 141096 0
141120 73 141336 0
141120 43 141336 1
141360 74 141576 0
141360 50 141576 1
141600 71 142032 0
141600 55 141816 1
141840 59 142056 1
142080 78 142296 0
142080 62 142512 1
142320 71 142536 0
142560 73 142776 0
142560 45 142776 1
142800 74 143016 0
142800 52 143016 1
143040 71 143472 0
143040 57 143256 1
143280 59 143496 1
143520 78 143736 0
143520 61 143952 1
143760 73 144192 0
144000 64 144432 1
144240 69 144456 0
144480 73 144696 0
144480 47 145128 1
144720 64 144936 0
144960 73 145176 0
145200 62 145416 0
145200 59 146640 1
145440 66 145656 0
145680 73 145896 0
145920 71 146568 0
146640 73,65 147288 0
146640 49 147288 1
147300 69,64,61 147792 0
147360 54,42 147792 1
147840 68 148272 0
147840 49 148056 1
148080 54 148728 1
148320 64,57 148752 0
148770 66,61 149664 0
148800 38 149232 1
149280 45 149496 1
149520 50 150168 1
149760 66,61 150192 0
150240 61,57 150672 0
150240 45 150888 1
150720 62 151152 0
150960 52 151608 1
151200 64 151632 0
151680 59,56 152976 0
151680 52 151896 1
151920 54 152136 1
152160 56 152376 1
152400 57 152616 1
152640 64 152856 1
152880 59 153096 1
153060 69,64,61 153552 0
153120 42 153768 1
153600 68 154032 0
153840 49 154056 1
154080 64,57 154512 0
154080 54 154512 1
154530 66,61 155424 0
154560 38 154992 1
155040 45 155256 1
155280 50 155496 1
155520 66,61 155952 0
155520 54 155952 1
156000 61,57 156864 0
156000 45 156432 1
156480 52 156696 1
156720 57 157368 1
156960 61 157392 0
157440 59,56 158736 0
157440 40 157872 1
157920 47 158136 1
158160 52 158376 1
158400 54 158616 1
158640 56 158856 1
158820 69,64,61 159312 0
158880 42 159528 1
159360 68 159792 0
159600 49 159816 1
159840 64,57 160272 0
159840 54 160272 1
160275 66,64,61 161184 0
160320 38 160752 1
160800 45 161016 1
161040 50 161256 1
161280 66,64,61 161712 0
161280 54 161712 1
161760 59,56 162624 0
161760 40 162192 1
162240 47 162456 1
162480 52 163128 1
162720 62 163152 0
163200 61,57 163848 0
163200 45 163632 1
163680 52 163896 1
163920 61 164136 0
163920 57 164136 1
164160 62 164376 0
164160 44 164592 1
164400 64 164616 0
164640 57 165072 0
164640 42 165072 1
165120 56 165552 0
165120 49 165336 1
165360 54 165576 1
165600 57,54 166032 0
165600 57 166032 1
166050 64,57 166944 0
166080 38 166512 1
166560 45 166776 1
166800 50 167016 1
167040 57 167472 0
167040 54 167472 1
167520 57 167736 0
167520 40 168168 1
167760 56 167976 0
168000 57 168216 0
168240 64 168456 0
168240 47 168888 1
168480 68 168696 0
168720 71 168936 0
168960 76 169176 0
168960 52 169608 1
169200 80 169416 0
169440 81 169656 0
169680 88 169896 0
169680 47 170328 1
169920 92 170136 0
170160 93 170376 0
170400 100 171696 0
170400 40 171696 1
171750 81,76,73,69 172272 0
171840 54 173136 1
172320 80 172752 0
172800 76,73,69 173232 0
173235 78,76 174144 0
173280 50 173712 1
173760 57 173976 1
174000 62 174648 1
174240 78,76,73,69 174672 0
174720 73,69 175584 0
174720 57 175152 1
175200 64 176064 1
175680 76 176112 0
176160 71,68 177456 0
176160 52 176376 1
176400 59 176616 1
176640 64 176856 1
176880 66 177096 1
177120 68 177336 1
177360 71 177576 1
177540 69,64,61 178032 0
177600 42 178248 1
178080 68 178512 0
178320 49 178536 1
178560 64,57 178992 0
178560 54 178992 1
178995 66,64,61 179904 0
179040 38 179472 1
179520 45 179736 1
179760 50 179976 1
180000 66,64,61 180432 0
180000 54 180216 1
180240 57 180456 1
180480 61,57 180912 0
180480 45 181128 1
180960 62,59 181392 0
181200 52 181416 1
181440 64,61 181872 0
181440 57 181872 1
181920 59,56 183216 0
181920 40 182136 1
182160 47 182376 1
182400 52 182616 1
182640 54 182856 1
182880 56 183096 1
183120 59 183336 1
183360 57 183792 0
183360 42 184008 1
183840 56 184488 0
184080 49 184296 1
184320 54 184752 1
184560 64,57 184776 0
184800 64,57 185448 0
184800 40 185232 1
185280 49 185496 1
185520 68,59 186000 0
185520 52 186168 1
186000 69 186216 0
186240 76,69 187536 0
186240 38 186672 1
186720 45 186936 1
186960 50 187176 1
187200 52 187416 1
187440 57 187656 1
187680 76,69 188328 0
187680 62 188112 1
188160 69 188376 1
188400 71 189048 0
188400 81 188616 1
188640 83 188856 1
188880 88 189096 1
189120 100,93 191520 0
191520 73 191952 0
192000 81 192144 0
192000 42 192432 1
192160 69 192304 0
192320 73 192464 0
192480 81 192624 0
192480 49 192912 1
192640 69 192784 0
192800 73 192944 0
192960 80 193104 0
192960 54 193392 1
193120 69 193264 0
193280 73 193424 0
193440 78 193584 0
193440 38 193872 1
193600 66 193744 0
193760 69 193904 0
193920 78 194064 0
193920 45 194352 1
194080 66 194224 0
194240 69 194384 0
194400 76 194544 0
194400 50 194832 1
194560 64 194704 0
194720 69 194864 0
194880 73 195024 0
194880 45 195312 1
195040 64 195184 0
195200 69 195344 0
195360 76 195504 0
195360 52 195792 1
195520 64 195664 0
195680 69 195824 0
195840 73 195984 0
195840 57 196272 1
196000 64 196144 0
196160 69 196304 0
196320 71 196464 0
196320 40 196752 1
196480 64 196624 0
196640 66 196784 0
196800 68 196944 0
196800 47 197232 1
196960 69 197104 0
197120 71 197264 0
197280 73 197424 0
197280 52 197712 1
197440 74 197584 0
197600 76 197744 0
197760 81 197904 0
197760 42 198192 1
197920 69 198064 0
198080 73 198224 0
198240 81 198384 0
198240 49 198672 1
198400 69 198544 0
198560 73 198704 0
198720 80 198864 0
198720 54 199152 1
198880 69 199024 0
199040 73 199184 0
199200 78 199344 0
199200 38 199632 1
199360 66 199504 0
199520 69 199664 0
199680 78 199824 0
199680 45 200112 1
199840 66 199984 0
200000 69 200144 0
200160 76 200304 0
200160 50 200592 1
200320 64 200464 0
200480 69 200624 0
200640 73 200784 0
200640 45 201072 1
200800 64 200944 0
200960 69 201104 0
201120 76 201264 0
201120 52 201552 1
201280 64 201424 0
201440 69 201584 0
201600 73 201744 0
201600 57 202032 1
201760 64 201904 0
201920 69 202064 0
202080 71 202224 0
202080 40 202512 1
202240 64 202384 0
202400 68 202544 0
202560 71 202704 0
202560 47 202992 1
202720 68 202864 0
202880 76 203024 0
203040 71 203184 0
203040 52 203472 1
203200 80 203344 0
203360 76 203504 0
203520 81 203664 0
203520 42 203952 1
203680 69 203824 0
203840 73 203984 0
204000 81 204144 0
204000 49 204432 1
204160 69 204304 0
204320 73 204464 0
204480 80 204624 0
204480 54 204912 1
204640 69 204784 0
204800 73 204944 0
204960 81 205104 0
204960 44 205392 1
205120 71 205264 0
205280 76 205424 0
205440 83 205584 0
205440 52 205872 1
205600 76 205744 0
205760 71 205904 0
205920 76 206064 0
205920 56 206352 1
206080 71 206224 0
206240 83 206384 0
206400 86 206544 0
206400 45 206832 1
206560 76 206704 0
206720 81 206864 0
206880 85 207024 0
206880 52 207312 1
207040 76 207184 0
207200 81 207344 0
207360 83 207504 0
207360 57 207792 1
207520 81 207664 0
207680 76 207824 0
207840 85 207984 0
207840 49 208272 1
208000 80 208144 0
208160 78 208304 0
208320 73 208464 0
208320 56 208752 1
208480 80 208624 0
208640 78 208784 0
208800 73 208944 0
208800 61 209232 1
208960 78 209104 0
209120 80 209264 0
209280 81 209424 0
209280 50 209712 1
209440 69 209584 0
209600 73 209744 0
209760 81 209904 0
209760 57 210192 1
209920 69 210064 0
210080 73 210224 0
210240 80 210384 0
210240 61 210672 1
210400 69 210544 0
210560 73 210704 0
210720 81 210864 0
210720 52 211152 1
210880 71 211024 0
211040 73 211184 0
211200 80 211344 0
211200 59 211632 1
211360 71 211504 0
211520 73 211664 0
211680 76 211824 0
211680 61 212112 1
211840 71 211984 0
212000 73 212144 0
212160 78 212304 0
212160 54 212592 1
212320 71 212464 0
212480 73 212624 0
212640 78 212784 0
212640 61 213072 1
212800 71 212944 0
212960 73 213104 0
213120 78 213264 0
213120 66 213552 1
213280 71 213424 0
213440 73 213584 0
213600 78 214464 0
213600 42 213744 1
213760 49 213904 1
213920 54 214064 1
214080 56 214224 1
214240 58 214384 1
214400 61 214544 1
214560 78 214776 0
214560 66 214992 1
214800 76 215016 0
215040 74,66 215472 0
215040 35 215184 1
215200 42 215344 1
215360 47 215504 1
215520 74 215952 0
215520 47 215664 1
215680 50 215824 1
215840 54 215984 1
216000 76 216216 0
216000 59 216432 1
216240 80,78,74,71 216456 0
216480 40 216624 1
216640 47 216784 1
216800 52 216944 1
216960 86 217392 0
216960 56 217104 1
217120 59 217264 1
217280 64 217424 1
217440 83 217872 0
217440 59 217584 1
217600 56 217744 1
217760 52 217904 1
217920 85,73 218352 0
217920 45 218064 1
218080 52 218224 1
218240 57 218384 1
218400 73 218832 0
218400 61 218544 1
218560 64 218704 1
218720 69 218864 1
218880 74 219096 0
218880 64 219024 1
219040 61 219184 1
219120 78,76,73,69 219336 0
219200 57 219344 1
219360 38 219504 1
219520 45 219664 1
219680 50 219824 1
219840 85 220272 0
219840 54 219984 1
220000 57 220144 1
220160 62 220304 1
220320 81 220752 0
220320 57 220464 1
220480 54 220624 1
220640 50 220784 1
220800 83,71 221232 0
220800 44 220944 1
220960 56 221104 1
221120 59 221264 1
221280 73 221712 0
221280 62 221424 1
221440 68 221584 1
221600 62 221744 1
221760 74 221976 0
221760 59 221904 1
221920 56 222064 1
222000 78,77,73,68 222216 0
222080 50 222224 1
222240 37 222384 1
222400 44 222544 1
222560 49 222704 1
222720 85,73 223152 0
222720 53 222864 1
222880 56 223024 1
223040 61 223184 1
223200 80,71 223416 0
223200 56 223344 1
223360 53 223504 1
223440 73 223656 0
223520 49 223664 1
223680 83,71 224112 0
223680 42 223824 1
223840 49 223984 1
224000 54 224144 1
224160 85,69 224592 0
224160 57 224304 1
224320 61 224464 1
224480 66 224624 1
224640 69 224856 0
224640 61 224784 1
224800 57 224944 1
224880 71,68,65 225096 0
224960 54 225104 1
225120 73 225552 0
225120 37 225264 1
225280 49 225424 1
225440 53 225584 1
225600 86 226032 0
225600 56 225744 1
225760 61 225904 1
225920 65 226064 1
226080 85,74,71 226512 0
226080 68 226512 1
226515 81,78 226992 0
226560 47 226704 1
226720 54 226864 1
226880 57 227024 1
227040 81 227472 0
227040 59 227184 1
227200 66 227344 1
227360 69 227504 1
227520 80 227736 0
227520 66 227664 1
227680 59 227824 1
227760 80,78,76,71 227976 0
227840 52 227984 1
228000 40 228144 1
228160 47 228304 1
228240 81 228456 0
228320 52 228464 1
228480 83 228912 0
228480 56 228624 1
228640 59 228784 1
228800 64 228944 1
228960 88,76,71 229392 0
228960 59 229104 1
229120 56 229264 1
229280 52 229424 1
229395 83,80 229872 0
229440 45 229584 1
229600 52 229744 1
229760 57 229904 1
229920 80 230352 0
229920 61 230064 1
230080 64 230224 1
230240 69 230384 1
230400 85 230616 0
230400 64 230544 1
230560 61 230704 1
230640 76 230856 0
230720 57 230864 1
230880 85,78,73 231096 0
230880 38 231024 1
231040 45 231184 1
231120 80 231336 0
231200 50 231344 1
231360 78 231414 0
231360 54 231504 1
231420 80 231474 0
231480 78 231534 0
231520 57 231664 1
231540 80 231594 0
231600 78 232320 0
231680 62 231824 1
231840 57 231984 1
232000 54 232144 1
232160 50 232304 1
232320 83,79 232536 0
232320 55,43 232536 1
232560 81,74 232776 0
232560 50 232776 1
232800 79,71 233664 0
232800 55 233016 1
233040 59 233256 1
233280 62 233496 1
233520 55,43 233736 1
233760 81,77 233976 0
233760 53,41 233976 1
234000 79,72 234216 0
234000 48 234216 1
234240 77,69 234888 0
234240 53 234456 1
234480 57 234696 1
234720 60 234936 1
234960 79,77,75,70,69 235176 0
234960 53,41 235176 1
235200 51,39 235416 1
235440 77,70 235656 0
235440 46 235656 1
235680 75,67 235896 0
235680 51 235896 1
235920 55 236136 1
236160 79,75,70 236592 0
236160 46 236376 1
236400 51,39 236616 1
236616 50,45,38 236832 1
236630 79,74,72,67 236846 0
236856 50,45,38 237072 1
236870 67,62,60,55 237194 0
237096 50,45,38 237312 1
237230 67,62,60,55 237338 0
237336 50,45,38 237552 1
237350 67,62,60,55 237566 0
237576 50,45,38 237792 1
237590 67,62,60,55 237914 0
237816 50,45,38 238032 1
237950 67,62,60,55 238058 0
238056 50,45,38 238272 1
238070 66,54 238286 0
238296 50,45,38 238512 1
238310 81,78,69 238634 0
238536 50,45,38 238752 1
238670 81,78,69 238778 0
238776 50,45,38 238992 1
238790 81,78,69 239006 0
239016 50,45,38 239232 1
239030 78,74,69 239246 0
239256 50,45,38 239472 1
239496 52,47,40 239712 1
239510 83,81,76,71 239726 0
239736 52,47,40 239952 1
239750 69,64,59 240074 0
239976 52,47,40 240192 1
240110 69,64,59 240218 0
240216 52,47,40 240432 1
240230 69,64,59 240446 0
240456 52,47,40 240672 1
240470 66,64,59 240686 0
240696 52,47,40 240912 1
240710 59,57 240926 0
240936 52,47,40 242232 1
240950 68,64,59 241166 0
241190 64,0 241262 0
241270 68,0 241342 0
241350 71 241422 0
241430 76,0 241502 0
241510 80 241582 0
241590 83,0 241662 0
241670 88,0,0,0,0,0,0,0 242318 0
242376 41 242592 1
242390 76,72 242606 0
242616 48 242832 1
242630 74,71 242846 0
242856 53 243072 1
242870 76,72 243086 0
243096 57 243744 1
243110 81,72 243542 0
243590 76,72 244070 0
243816 43 244032 1
244056 50 244272 1
244070 74,71 244286 0
244296 55 244512 1
244310 76,72 244526 0
244536 59 245184 1
244550 83,74 244982 0
245030 76,72 245510 0
245256 45 245472 1
245496 52 245712 1
245510 74,71 245726 0
245736 57 245952 1
245750 76,72 245966 0
245976 60 246192 1
245990 84,76 246206 0
246216 64 246648 1
246230 83 246284 0
246290 84 246344 0
246350 83 246458 0
246470 79 246686 0
246696 43 246912 1
246710 76 246926 0
246936 50 247152 1
246950 74 247166 0
247176 55 247392 1
247190 79 247406 0
247416 59 248064 1
247430 76 247484 0
247490 79 247544 0
247550 76 247910 0
247910 72 248390 0
248136 41 248352 1
248376 48 248592 1
248390 71 248606 0
248616 53 248832 1
248630 72 248846 0
248856 57 249072 1
248870 79 249302 0
249096 60 249312 1
249336 55 249552 1
249350 74,72 249407 0
249410 72 249437 0
249440 74 249467 0
249470 72 249578 0
249576 43 249792 1
249816 50 250032 1
249830 71 250046 0
250056 55 250272 1
250070 72 250286 0
250296 59 250944 1
250310 79 250742 0
250790 72 250817 0
250820 74 250847 0
250850 72 250877 0
250880 74 250907 0
250910 72 251018 0
251016 40 251232 1
251030 72 251246 0
251256 47 251472 1
251270 71 251486 0
251496 52 251712 1
251510 67 251726 0
251736 55 251952 1
251750 64 252182 0
251976 59 252408 1
252230 76 252446 0
252456 45 252672 1
252470 74 252524 0
252530 76 252584 0
252590 74 252698 0
252696 52 252912 1
252710 72 252926 0
252936 57 253152 1
252950 71 253166 0
253190 72 253406 0
253416 55,43 253632 1
253430 74 253646 0
253670 76 253886 0
253896 53,41 254112 1
253910 76,72 254126 0
254136 48 254352 1
254150 74,71 254366 0
254376 53 254592 1
254390 76,72 254606 0
254616 57 255264 1
254630 81,72 255062 0
255110 76,72 255590 0
255336 43 255552 1
255576 50 255792 1
255590 74,71 255806 0
255816 55 256032 1
255830 76,72 256046 0
256056 59 256272 1
256070 83,74 256502 0
256296 62 256728 1
256550 76,72 257030 0
256776 45 256992 1
257016 52 257232 1
257030 74,71 257246 0
257256 57 257472 1
257270 76,72 257486 0
257496 60 257712 1
257510 84,76 257726 0
257736 64 258168 1
257750 83 257804 0
257810 84 257864 0
257870 83 257978 0
257990 79 258206 0
258216 43 258432 1
258230 76 258446 0
258456 50 258672 1
258470 74 258686 0
258696 55 258912 1
258710 79 258926 0
258936 59 259584 1
258950 76 259004 0
259010 79 259064 0
259070 76 259394 0
259430 72 259910 0
259656 41 259872 1
259896 48 260112 1
259910 71 260126 0
260136 53 260352 1
260150 72 260366 0
260376 57 260592 1
260390 79 260822 0
260616 60 261048 1
260870 74,72 260927 0
260930 72 260957 0
260960 74 260987 0
260990 72 261098 0
261096 43 261312 1
261336 50 261552 1
261350 71 261566 0
261576 55 261792 1
261590 72 261806 0
261816 59 262032 1
261830 79 262262 0
262056 62 262488 1
262310 71,67 262526 0
262536 45 262752 1
262550 71,67 262766 0
262776 50 262992 1
262790 62 263006 0
263016 52 263232 1
263030 67 263246 0
263256 57 263904 1
263270 71 263486 0
263510 62 263726 0
263750 67 263966 0
263976 45 264192 1
263990 69,64,61 265286 0
264216 57 264432 1
264456 59 264672 1
264696 61 264912 1
264936 64 265152 1
265176 69 265392 1
265340 88,86,84,81,77 265646 0
265416 65 266712 1
265670 86 265886 0
265910 88 266126 0
266150 93 266582 0
266630 88 268310 0
266856 67 268152 1
268296 57 269592 1
268310 71,67 268526 0
268550 72,69 268766 0
268790 71,67 269006 0
269030 72,69 269246 0
269270 74,71 269486 0
269510 76,72 269726 0
269736 55 269952 1
269750 83,72 270398 0
269976 64 270192 1
270216 67 271176 1
270470 79,77,76 271118 0
271118 88,86,84,81 271406 0
271176 65 272472 1
271430 86 271646 0
271670 88 271886 0
271910 93 272342 0
272390 88,0,0,0,0,0,0,0 274070 0
272616 67 273912 1
273922 45,33 274354 1
274070 95 274124 0
274130 96 274184 0
274190 95 274298 0
274310 91 274526 0
274402 52 274618 1
274550 86 274766 0
274642 57 274858 1
274790 84 275006 0
274882 60 275314 1
275030 83 275246 0
275270 79 275486 0
275362 55,43 275794 1
275510 74 275726 0
275750 72 275966 0
275842 52 276058 1
275990 71 276206 0
276082 41 276514 1
276230 41 276256 0
276257 42 276283 0
276285 43 276311 0
276312 44 276338 0
276339 45 276365 0
276366 46 276392 0
276394 47 276420 0
276421 48 276447 0
276448 49 276474 0
276475 50 276501 0
276503 51 276529 0
276514 42 276730 1
276530 52 276556 0
276557 53 276583 0
276585 54 276611 0
276612 55 276638 0
276639 56 276665 0
276666 57 276692 0
276694 58 276720 0
276721 59 276747 0
276748 60 276774 0
276754 49 276970 1
276775 61 276801 0
276803 62 276829 0
276830 63 276856 0
276857 64 276883 0
276885 65 276911 0
276912 66 276938 0
276939 67 276965 0
276966 68 276992 0
276994 69 277020 0
276994 54 277210 1
277021 70 277047 0
277048 71 277074 0
277075 72 277101 0
277103 73 277129 0
277130 74 277184 0
277184 77 277400 0
277234 58 277450 1
277424 75 277640 0
277474 61 277906 1
277664 77 277880 0
277904 82 278336 0
277954 44 278170 1
278194 51 278410 1
278384 77 278864 0
278434 56 278650 1
278674 60 278890 1
278864 75 279080 0
278914 63 279346 1
279104 77 279320 0
279344 84 279776 0
279394 46 279610 1
279634 53 279850 1
279824 77 280040 0
279874 58 280090 1
280064 77 280280 0
280114 60 280330 1
280304 75 280520 0
280354 61 280786 1
280544 77 280760 0
280784 85 281000 0
280834 44 281050 1
281024 84 281078 0
281074 51 281290 1
281084 85 281138 0
281144 84 281252 0
281264 80 281480 0
281314 56 281530 1
281504 77 281720 0
281554 60 281770 1
281744 75 281960 0
281794 63 282226 1
281984 80 282200 0
282224 80,77,77 282656 0
282274 42 282490 1
282514 49 282730 1
282704 73 283184 0
282754 54 282970 1
282994 58 283210 1
283184 72 283400 0
283234 61 283666 1
283424 73 283640 0
283664 80 284096 0
283714 44 284362 1
284144 73 284624 0
284434 56 284650 1
284624 72 284732 0
284674 60 284890 1
284744 73 284852 0
284864 80 285080 0
284914 53 285130 1
285104 80 285320 0
285154 41 285370 1
285344 73 285560 0
285394 53 285610 1
285584 72 285800 0
285634 56 285850 1
285824 72 286040 0
285874 63 286090 1
286064 68 286280 0
286114 60 286546 1
286304 65 286520 0
286544 65 286760 0
286594 46 286810 1
286784 77 287000 0
286834 53 287050 1
287024 75 287240 0
287074 58 287290 1
287264 75 287318 0
287314 46 287422 1
287324 77 287378 0
287384 75 287492 0
287434 48 287542 1
287504 73 287720 0
287554 49 287662 1
287674 51 287782 1
287744 72 287960 0
287794 53 288010 1
287984 70 288092 0
288034 42 288250 1
288104 72 288212 0
288224 73 288332 0
288274 49 288490 1
288344 75 288452 0
288464 77 288680 0
288514 54 288730 1
288704 77,73 288920 0
288754 58 288970 1
288944 75,72 289160 0
288994 61 289426 1
289184 77,73 289400 0
289424 82,73 289856 0
289474 56,51,44 289690 1
289904 77,73 290384 0
290384 75,72 290600 0
290434 56,51,44 290866 1
290624 77,73 290840 0
290864 84,75 291296 0
290914 58,53,46 291346 1
291344 77,73 291824 0
291394 53,46 291610 1
291634 58,53,46 291850 1
291824 75,72 292040 0
292064 77,73 292280 0
292304 85,77 292520 0
292354 56,51,44 292570 1
292544 84 292760 0
292594 56,51,44 292810 1
292784 80 293000 0
293024 77 293240 0
293074 56 293290 1
293264 75 293480 0
293314 51,44 293530 1
293504 80 293720 0
293744 80,77,77 293960 0
293794 54,49,42 294442 1
294224 73 294440 0
294464 77 294572 0
294514 54 294730 1
294584 75 294692 0
294704 73 294812 0
294754 49,42 295186 1
294824 72 294932 0
294944 70 295424 0
295234 56,51,44 295882 1
295424 77 295640 0
295664 70 295880 0
295904 77 296012 0
295954 56 296170 1
296024 75 296132 0
296144 73 296252 0
296194 51,44 296626 1
296264 72 296372 0
296384 70 296864 0
296674 58,53,46 297970 1
296864 72 297080 0
297104 73 297320 0
297344 72 297560 0
297584 63 297800 0
297824 70 298040 0
298064 60 298280 0
298114 61 298546 1
298304 65 298520 0
298544 68 299024 0
298594 60 298810 1
298834 61 299482 1
299024 70 299240 0
299264 65 299744 0
299554 54 299770 1
299744 72 299960 0
299794 61 300010 1
299984 70 300200 0
300034 66 300250 1
300224 70 300656 0
300274 70 300922 1
300704 77 301136 0
300994 56 301210 1
301184 75 301400 0
301234 63 301450 1
301424 73 301640 0
301474 68 301690 1
301664 75 302096 0
301714 72 302362 1
302144 80 302576 0
302434 46 302650 1
302624 75 302840 0
302674 58 302890 1
302864 77 303080 0
302914 60 303130 1
303104 85 303536 0
303154 61 303802 1
303584 84 304016 0
303874 53 304090 1
304064 80 304280 0
304114 60 304330 1
304304 75 304520 0
304354 65 304570 1
304544 80,77,77 304652 0
304594 68 304810 1
304834 72 305266 1
305314 54 305530 1
305554 61 305770 1
305744 80 306464 0
305794 66 306010 1
306034 70 306682 1
306464 73 306896 0
306754 56 306970 1
306944 72 307160 0
306994 63 307426 1
307184 73 307400 0
307424 80 307856 0
307474 68 308122 1
307904 73 308336 0
308194 53 308410 1
308384 72 308600 0
308434 60 308866 1
308624 73 308840 0
308864 72 309296 0
308914 63 309562 1
309344 68 309560 0
309584 65 309800 0
309634 58 309850 1
309824 77 310040 0
309874 61 310306 1
310064 75 310280 0
310304 75 310736 0
310354 65 311002 1
310784 73 311216 0
311074 42 311290 1
311264 72 311480 0
311314 49 311530 1
311504 73 311720 0
311554 54 311770 1
311744 70 312176 0
311794 58 312010 1
312034 61 312466 1
312224 77 312656 0
312514 44 312730 1
312704 75 312920 0
312754 51 312970 1
312944 73 313160 0
312994 56 313210 1
313184 75 313400 0
313234 60 313450 1
313424 80 313640 0
313474 63 313906 1
313664 80 314096 0
313954 46 314170 1
314144 75 314360 0
314194 53 314410 1
314384 77 314600 0
314434 58 314650 1
314624 85 315056 0
314674 60 314890 1
314914 61 315346 1
315104 84 315536 0
315394 41 315610 1
315584 80 315800 0
315634 53 315850 1
315824 75 316040 0
315874 56 316090 1
316064 80,77,77 316172 0
316114 60 316330 1
316354 63 316786 1
316834 42 317050 1
317024 80 317240 0
317074 49 317290 1
317264 73 317480 0
317314 54 317530 1
317504 82 317936 0
317554 58 317770 1
317794 61,53 318226 1
317984 82,73 318416 0
318229 61 319570 1
318464 80,73 318680 0
318704 78,75,73,68 318920 0
318921 80,80 319592 0
319596 92,87,85 320096 0
319714 51 319930 1
319954 58 320170 1
320144 78,73,70,70 320360 0
320194 61 320410 1
320434 63 321082 1
321154 41 321370 1
321344 73 321560 0
321394 53 321610 1
321584 70 321800 0
321634 57 321850 1
321824 78,72,69 322472 0
321874 63 322090 1
322114 60 322330 1
322354 72 322570 1
322544 77,72,69 323192 0
322594 42 322810 1
322834 54 323050 1
323074 58 323290 1
323219 72,66 323480 0
323314 61 323530 1
323504 70,65 323720 0
323554 65 323986 1
323744 72,66 323960 0
323984 77 324200 0
324224 72 324440 0
324464 82 324680 0
324704 73 324920 0
324944 80 325160 0
325184 72 325400 0
325424 78 325640 0
325664 70 325880 0
325904 77 326120 0
326144 75 326360 0
326384 73 326600 0
326624 72 326840 0
326864 63 327080 0
326914 60,56,53,46 328594 1
327104 65 327320 0
327344 68 327560 0
327584 58 327638 0
327644 60 327698 0
327704 63 327758 0
327764 68 327818 0
327824 65 329264 0
329264 96,87,82,77,73,68 331064 0
