0 68,57 600 0
0 38 216 1
240 54 348 1
360 59 960 1
600 66,57 937 0
960 66,57 1560 0
960 38 1176 1
1200 54 1308 1
1320 59 1920 1
1560 66,57 1897 0
1920 68,59 2520 0
1920 40 2136 1
2160 59 2268 1
2280 61 2880 1
2520 68,59 2857 0
2880 68,59 3204 0
2880 40 3096 1
3120 59 3228 1
3240 68 3480 0
3240 61 3840 1
3480 68,59 3804 0
3840 69,61 4057 0
3840 49,42 4706 1
4080 61 4188 0
4200 69,61 4440 0
4440 69,61 4764 0
4800 69,61 5017 0
4800 49,42 5666 1
5040 61 5148 0
5160 69,61 5400 0
5400 69,61 5724 0
5760 69,61 5977 0
5760 49,42 6626 1
6000 61 6108 0
6120 69,61 6360 0
6360 69,61,61 6588 0
6600 69,61 6684 0
6720 49,42 7586 1
6840 61 6948 0
6960 69,61 7080 0
7080 69,61 7320 0
7320 68,61 7536 0
7560 64,61 7668 0
7680 68,57 8280 0
7680 38 7896 1
7920 54 8028 1
8040 59 8640 1
8280 66,57 8617 0
8640 66,57 9240 0
8640 38 8856 1
8880 54 8988 1
9000 59 9600 1
9240 66,57 9577 0
9600 68,59 10200 0
9600 40 9816 1
9840 59 9948 1
9960 61 10560 1
10200 68,59 10537 0
10560 68,59 10884 0
10560 40 10776 1
10800 59 10908 1
10920 68 11160 0
10920 61 11520 1
11160 68,59 11484 0
11520 69,61 11737 0
11520 49,42 12386 1
11760 61 11868 0
11880 69,61 12120 0
12120 69,61 12444 0
12480 69,61 12697 0
12480 49,42 13346 1
12720 61 12828 0
12840 69,61 13080 0
13080 69,61 13404 0
13440 69,61 13657 0
13440 54,49,42 15348 1
13680 68 13897 0
13920 69,57 14353 0
14400 71,59 14833 0
14880 76,64 15313 0
15360 80,68 16008 0
15360 38 15577 1
15600 45 15817 1
15840 50 16057 1
16080 78,66 16188 0
16080 54 16320 1
16200 78,66 16308 0
16320 78,66 17184 0
16320 52 16428 1
16440 54 16548 1
16560 57 16668 1
16680 62 16788 1
16800 57 17232 1
17280 80,68 17928 0
17280 40 17497 1
17520 47 17737 1
17760 52 17977 1
18000 81,69 18108 0
18000 56 18240 1
18120 81,69 18228 0
18240 81,69 19104 0
18240 54 18348 1
18360 56 18468 1
18480 59 18588 1
18600 64 18708 1
18720 59 19152 1
19200 80,76,68 19524 0
19200 42 19416 1
19440 49 19656 1
19560 81,76,69 19920 0
19680 54 19896 1
19920 83,76,71 20136 0
19920 57 20136 1
20160 80,76,68 20484 0
20160 64 20376 1
20400 61 20616 1
20520 81,73,69 20880 0
20640 57 20856 1
20880 76,73,64 21096 0
20880 54 21096 1
21120 80,73,68 21444 0
21120 42 21336 1
21360 49 21576 1
21480 81,73,69 21588 0
21600 73 21816 0
21600 54 21816 1
21840 76,73,64 22056 0
21840 57 22056 1
22080 83,78,71 22513 0
22080 64 22296 1
22320 61 22536 1
22560 85,78,73 22993 0
22560 57 22776 1
22800 52 23016 1
23040 81,69 23400 0
23040 38 23257 1
23280 45 23497 1
23400 88,76 24720 0
23520 50 23737 1
23760 52 24000 1
24000 54 24217 1
24240 57 24457 1
24480 62 24697 1
24720 80,68 24937 0
24720 56 24936 1
24960 81,69 25176 0
24960 40 25177 1
25200 47 25417 1
25320 88,76 26640 0
25440 52 25657 1
25680 54 25920 1
25920 56 26137 1
26160 59 26377 1
26400 64 26617 1
26640 92,80 26857 0
26640 68 26857 1
26880 93,81 27204 0
26880 42 27097 1
27120 49 27337 1
27240 100,88 28800 0
27360 54 27577 1
27600 56 27840 1
27840 57 28057 1
28080 61 28297 1
28320 66 28537 1
28560 69 28777 1
28800 73,69,66 29666 0
28800 42 29666 1
30240 85 30348 0
30240 61 30348 1
30360 83 30468 0
30360 59 30468 1
30480 81 30588 0
30480 57 30588 1
30600 80 30708 0
30600 56 30708 1
30720 81,76 30828 0
30720 38 30937 1
30840 80 30948 0
30960 76 31068 0
30960 45 31177 1
31080 81,76 31320 0
31200 50 31417 1
31320 80 31428 0
31440 76 31548 0
31440 54 31920 1
31560 81,76 31800 0
31800 80 31908 0
31920 76 32028 0
31920 50 32137 1
32040 81,76 32280 0
32160 45 32377 1
32280 80 32388 0
32400 76 32508 0
32400 50 32617 1
32520 81,76 32628 0
32640 81,76 32748 0
32640 40 32857 1
32760 80 32868 0
32880 76 32988 0
32880 47 33097 1
33000 81,76 33240 0
33120 52 33337 1
33240 80 33348 0
33360 76 33468 0
33360 56 33840 1
33480 81,76 33720 0
33720 80 33828 0
33840 76 33948 0
33840 52 34057 1
33960 81,76 34200 0
34080 47 34297 1
34200 80 34308 0
34320 76 34428 0
34320 52 34537 1
34440 74 34548 0
34560 73 34777 0
34560 42 34777 1
34800 80 34908 0
34800 49 35017 1
34920 80 35160 0
35040 54 35257 1
35160 80 35377 0
35280 57 35760 1
35400 80 35508 0
35520 80 35737 0
35760 81 35868 0
35760 54 35977 1
35880 80 36120 0
36000 49 36217 1
36120 81 36444 0
36240 54 36457 1
36480 88,80 36696 0
36480 42 36697 1
36720 81 36828 0
36720 49 36937 1
36840 80 37080 0
36960 54 37393 1
37080 81 37404 0
37560 78 37668 0
37560 42 37668 1
37680 80 37788 0
37680 44 37788 1
37800 81 37908 0
37800 45 37908 1
37920 83 38028 0
37920 47 38028 1
38040 85 38148 0
38040 49 38148 1
38160 81 38268 0
38160 45 38268 1
38280 76 38388 0
38280 40 38388 1
38400 38 38617 1
38520 81,76 38628 0
38640 80 38748 0
38640 45 38857 1
38760 76 38868 0
38880 81,76 39097 0
38880 50 39097 1
39120 80 39228 0
39120 54 39600 1
39240 76 39480 0
39480 81,76 39588 0
39600 80 39708 0
39600 50 39817 1
39720 76 39828 0
39840 81,76 40057 0
39840 45 40057 1
40080 80 40188 0
40080 50 40297 1
40200 76 40440 0
40320 40 40537 1
40440 81,76 40548 0
40560 80 40668 0
40560 47 40777 1
40680 76 40788 0
40800 81,76 41017 0
40800 52 41017 1
41040 80 41148 0
41040 56 41520 1
41160 76 41400 0
41400 81,76 41508 0
41520 80 41628 0
41520 52 41737 1
41640 76 41748 0
41760 80 41868 0
41760 47 41977 1
41880 81 41988 0
42000 88 42108 0
42000 52 42217 1
42120 80 42360 0
42240 42 42457 1
42360 81,76 42576 0
42480 49 42697 1
42600 76 42708 0
42720 80 42937 0
42720 54 42937 1
42960 76 43068 0
42960 57 43440 1
43080 81,76 43320 0
43320 80 43428 0
43440 76 43548 0
43440 54 43657 1
43560 81 43668 0
43680 80 43788 0
43680 49 43897 1
43800 76 43908 0
43920 74 44028 0
43920 54 44137 1
44040 81,76 44280 0
44160 42 44377 1
44280 80 44497 0
44400 49 44617 1
44520 76 44628 0
44640 76 44857 0
44640 54 44857 1
44880 73 44988 0
44880 57 45120 1
45000 76 45108 0
45240 78 45348 0
45240 42 45348 1
45360 80 45468 0
45360 44 45468 1
45480 81 45588 0
45480 45 45588 1
45600 83 45708 0
45600 47 45708 1
45720 85 45828 0
45720 49 45828 1
45840 81 45948 0
45840 45 45948 1
45960 76 46068 0
45960 40 46068 1
46080 81,69 46404 0
46080 38 46297 1
46320 45 46537 1
46440 80,68 46800 0
46560 50 46777 1
46800 81,69 47017 0
46800 54 47280 1
47040 88,76 47906 0
47280 50 47497 1
47520 45 47737 1
47760 50 47977 1
48000 81,69 48324 0
48000 40 48217 1
48240 47 48457 1
48360 80,68 48720 0
48480 52 48697 1
48720 81,69 48937 0
48720 56 49200 1
48960 92,80 49393 0
49200 52 49417 1
49440 88,76 49873 0
49440 47 49657 1
49680 52 49897 1
49920 93,81 50028 0
49920 42 50137 1
50040 93,81 50148 0
50160 49 50377 1
50280 92,80 50388 0
50400 92,80 50508 0
50400 54 50617 1
50640 88,76 50748 0
50640 57 51120 1
50760 88,76 50868 0
51000 85,73 51108 0
51120 85,73 51228 0
51120 54 51337 1
51360 83,71 51468 0
51360 49 51577 1
51480 83,71 51588 0
51600 54 51817 1
51720 81,69 51828 0
51840 81,69 51948 0
51840 42 52057 1
52080 80,68 52188 0
52080 49 52297 1
52200 80,68 52308 0
52320 54 52537 1
52440 76,64 52548 0
52560 57 53040 1
52680 76,64 52788 0
52800 76 52908 0
52920 74 53028 0
53040 73 53148 0
53040 54 53257 1
53160 71 53400 0
53280 49 53497 1
53400 74 53760 0
53520 54 53737 1
53760 81,69 54084 0
53760 38 53977 1
54000 45 54217 1
54120 80,68 54480 0
54240 50 54457 1
54480 81,69 54697 0
54480 54 54960 1
54720 88,76 55586 0
54960 50 55177 1
55200 45 55417 1
55440 50 55657 1
55680 81,69 56004 0
55680 40 55897 1
55920 47 56137 1
56040 80,68 56400 0
56160 52 56377 1
56400 81,69 56617 0
56400 56 56880 1
56640 92,80 57000 0
56880 52 57097 1
57000 88,76 57600 0
57120 47 57337 1
57360 52 57577 1
57600 86 57680 0
57600 42 57817 1
57680 95 57760 0
57760 86 57840 0
57840 85 57920 0
57840 49 58057 1
57920 93 58000 0
58000 85 58080 0
58080 83 58133 0
58080 54 58297 1
58160 92 58213 0
58240 83 58293 0
58320 81 58400 0
58320 57 58537 1
58400 90 58480 0
58480 81 58560 0
58560 80 58640 0
58560 61 58777 1
58640 88 58720 0
58720 80 58800 0
58800 78 58880 0
58800 56 59017 1
58880 86 58960 0
58960 78 59040 0
59040 76 59120 0
59040 49 59257 1
59120 85 59200 0
59200 76 59280 0
59280 74 59360 0
59280 56 59496 1
59360 83 59440 0
59440 74 59520 0
59520 73,69 59737 0
59520 38 59737 1
59760 81,69 59868 0
59760 45 59977 1
59880 81,69 60480 0
60000 50 60217 1
60240 54 60720 1
60720 78,66 60937 0
60720 54 60937 1
60960 81,69 61177 0
60960 57 61177 1
61200 83,71 61417 0
61200 59 61417 1
61417 88,76 61850 0
61417 52,40 62281 1
61897 93,81 62330 0
62377 95,83 63243 0
62377 40,28 63241 1
63337 83 63445 0
63337 44 63554 1
63457 75 63565 0
63577 82 63685 0
63577 51 63794 1
63697 83 63937 0
63817 56 64250 1
63937 75 64045 0
64057 82 64165 0
64177 83 64417 0
64297 40 64514 1
64417 76 64525 0
64537 82 64645 0
64537 47 64754 1
64657 83 64897 0
64777 52 65210 1
64897 78 65005 0
65017 82 65125 0
65137 83 65245 0
65257 85 65365 0
65257 42 65474 1
65377 78 65485 0
65497 82 65605 0
65497 49 65714 1
65617 85 65857 0
65737 54 66170 1
65857 78 65965 0
65977 83 66085 0
66097 85 66205 0
66217 87,83 66434 0
66217 47 66434 1
66457 88 66674 0
66457 54 66674 1
66697 87 66724 0
66697 46 66914 1
66727 88 66754 0
66757 87 66811 0
66817 85 66925 0
66937 83 67045 0
66937 54 67154 1
67057 82 67165 0
67177 83 67285 0
67177 44 67394 1
67297 75 67405 0
67417 82 67525 0
67417 51 67634 1
67537 83 67777 0
67657 56 68090 1
67777 75 67885 0
67897 82 68005 0
68017 83 68257 0
68137 40 68354 1
68257 76 68365 0
68377 82 68485 0
68377 47 68594 1
68497 83 68737 0
68617 52 69050 1
68737 78 68845 0
68857 82 68965 0
68977 83 69085 0
69097 85 69205 0
69097 42 69314 1
69217 78 69325 0
69337 82 69445 0
69337 49 69554 1
69457 85 69697 0
69577 54 70010 1
69697 78 69805 0
69817 83 69925 0
69937 85 70045 0
70057 88,87 70274 0
70057 47 70274 1
70297 87,85 70514 0
70297 54 70514 1
70537 46 70754 1
70657 85 70765 0
70777 83 70885 0
70777 54 70994 1
70897 82 71005 0
71017 83 71125 0
71017 44 71234 1
71137 75 71245 0
71257 82 71365 0
71257 51 71474 1
71377 83 71617 0
71497 56 71930 1
71617 75 71725 0
71737 82 71845 0
71857 83 72097 0
71977 40 72194 1
72097 76 72205 0
72217 82 72325 0
72217 47 72434 1
72337 83 72577 0
72457 52 72890 1
72577 78 72685 0
72697 82 72805 0
72817 83 72925 0
72937 82 73045 0
72937 42 73154 1
73057 78 73165 0
73177 83 73285 0
73177 49 73394 1
73297 78 73405 0
73417 85 73525 0
73417 54 73850 1
73537 78 73645 0
73657 83 73874 0
73897 47 74114 1
74017 78 74125 0
74137 83 74245 0
74137 54 74354 1
74257 87 74365 0
74377 85 74485 0
74377 46 74594 1
74497 78 74605 0
74617 82 74725 0
74617 54 74834 1
74737 85 74845 0
74857 83 74965 0
74857 44 75074 1
74977 75 75085 0
75097 82 75205 0
75097 51 75314 1
75217 83 75457 0
75337 56 75770 1
75457 75 75565 0
75577 82 75685 0
75697 83 75937 0
75817 40 76034 1
75937 76 76045 0
76057 82 76165 0
76057 47 76274 1
76177 83 76417 0
76297 52 76730 1
76417 78 76525 0
76537 82 76645 0
76657 83 76765 0
76777 85 76885 0
76777 42 76994 1
76897 78 77005 0
77017 83 77125 0
77017 49 77234 1
77137 85 77377 0
77257 54 77690 1
77377 78 77485 0
77497 83 77605 0
77617 85 77725 0
77737 88,83 77953 0
77737 47 77954 1
77977 87,83 78193 0
77977 54 78194 1
78217 83 78325 0
78217 46 78434 1
78337 85 78445 0
78457 83 78565 0
78457 54 78674 1
78577 82 78685 0
78697 83 78913 0
78697 44 78914 1
78937 82 79153 0
78937 51 79154 1
79177 83 79393 0
79177 56 79394 1
79417 90,82,78 79897 0
79417 40 79897 1
79897 83 80005 0
79897 47 80114 1
80017 83 80257 0
80137 52 80570 1
80257 83 80365 0
80377 83 80593 0
80617 85 80833 0
80617 42 80834 1
80857 83 80965 0
80857 49 81074 1
80977 82 81217 0
81097 54 81314 1
81217 83 81325 0
81337 83 82057 0
81337 54,47 82057 1
82057 82,63 82489 0
82057 54,46 82489 1
82507 71,66 82645 0
82537 44 82754 1
82657 63 82765 0
82777 70,63 82885 0
82777 51 82994 1
82897 71,63 83137 0
83017 56,51 83450 1
83137 63 83245 0
83257 70,63 83365 0
83377 71,63 83617 0
83497 40 83714 1
83617 64 83725 0
83737 70,64 83845 0
83737 47 83954 1
83857 71,64 84097 0
83977 52,47 84410 1
84097 66 84205 0
84217 70,66 84325 0
84337 71,66 84445 0
84457 73 84565 0
84457 42 84674 1
84577 66 84685 0
84697 70 84805 0
84697 49 84914 1
84817 73 85057 0
84937 54,49 85370 1
85057 66 85165 0
85177 71 85285 0
85297 73 85405 0
85417 75,71,66 85633 0
85417 47 85634 1
85657 75,71,66 85765 0
85657 54 85874 1
85777 76,71 85885 0
85897 75,70 86005 0
85897 46 86114 1
86017 73 86125 0
86137 71 86245 0
86137 54 86354 1
86257 70 86365 0
86377 71,66,63 86485 0
86377 44 86594 1
86497 63 86605 0
86617 70,63 86725 0
86617 51 86834 1
86737 71,63 86977 0
86857 56,51 87290 1
86977 63 87085 0
87097 70,63 87205 0
87217 71,63 87457 0
87337 40 87554 1
87457 64 87565 0
87577 70,64 87685 0
87577 47 87794 1
87697 71,64 87937 0
87817 52,47 88250 1
87937 66 88045 0
88057 70,66 88165 0
88177 71,66 88285 0
88297 73 88405 0
88297 42 88514 1
88417 66 88525 0
88537 70 88645 0
88537 49 88754 1
88657 73 88897 0
88777 54,49 89210 1
88897 66 89005 0
89017 71 89125 0
89137 73 89245 0
89257 75,66 89365 0
89257 47 89474 1
89377 66 89485 0
89497 76,68 89605 0
89497 54 89714 1
89617 66 89725 0
89737 75,66 89845 0
89737 46 89954 1
89857 66 89965 0
89977 73,66 90085 0
89977 54 90194 1
90097 66 90205 0
90217 71 90325 0
90217 44 90434 1
90337 63 90445 0
90457 70 90565 0
90457 51 90674 1
90577 71 90817 0
90697 56 91130 1
90817 63 90925 0
90937 70 91045 0
91057 71 91297 0
91177 40 91394 1
91297 64 91405 0
91417 70 91525 0
91417 47 91634 1
91537 71 91777 0
91657 52 92090 1
91777 66 91885 0
91897 70 92005 0
92017 71 92125 0
92137 70,66 92245 0
92137 42 92354 1
92257 71,66 92365 0
92377 75,71 92485 0
92377 49 92594 1
92497 76,66 92605 0
92617 75,73 92725 0
92617 54 93050 1
92737 73,66 92845 0
92857 71 92965 0
92977 70 93085 0
93097 71 93205 0
93097 47 93314 1
93217 66 93325 0
93337 71 93445 0
93337 54 93554 1
93457 78 93565 0
93577 76 93685 0
93577 46 93794 1
93697 75 93805 0
93817 73 93925 0
93817 54 94034 1
93937 75 94045 0
94057 71,68,63 94274 0
94057 44 94274 1
94297 71,68,63 94405 0
94297 51 94514 1
94417 70 94525 0
94537 71,68,63 94754 0
94537 56 94970 1
94777 78,66 94994 0
95017 71,68,64 95234 0
95017 40 95234 1
95257 71,68,64 95365 0
95257 47 95474 1
95377 70 95485 0
95497 71,68,64 95714 0
95497 52 95930 1
95737 66 95954 0
95977 71,66 96194 0
95977 42 96194 1
96217 71,66 96325 0
96217 49 96434 1
96337 70 96445 0
96457 71 96565 0
96457 54 96890 1
96577 66 96685 0
96697 71 96805 0
96817 73 96925 0
96937 75,71,66 97153 0
96937 47 97154 1
97177 75,71,66 97285 0
97177 54 97394 1
97297 76 97405 0
97417 75 97444 0
97417 46 97634 1
97447 76 97474 0
97477 75 97531 0
97537 73 97645 0
97657 71 97765 0
97657 54 97874 1
97777 70 97885 0
97897 71,68,63 98114 0
97897 44 98114 1
98137 71,68,63 98245 0
98137 51 98354 1
98257 70 98365 0
98377 71,68,63 98594 0
98377 56 98810 1
98617 78,66 98834 0
98857 71,68,64 99074 0
98857 40 99074 1
99097 71,68,64 99205 0
99097 47 99314 1
99217 70 99325 0
99337 71,68,64 99554 0
99337 52 99770 1
99577 66 99794 0
99817 70,66 100033 0
99817 42 100034 1
100057 71,68 100273 0
100057 49 100274 1
100297 73,70 100513 0
100297 54 100730 1
100537 75,66 100753 0
100777 47 100994 1
100897 66 101005 0
101017 71 101125 0
101017 54 101234 1
101137 75 101245 0
101257 73 101365 0
101257 46 101474 1
101377 66 101485 0
101497 70 101605 0
101497 54 101714 1
101617 73 101725 0
101737 71,68,63 101954 0
101737 44 101954 1
101977 71,68,63 102085 0
101977 51 102194 1
102097 70 102205 0
102217 71,68,63 102434 0
102217 56 102650 1
102457 78,66 102674 0
102697 71,68,64 102914 0
102697 40 102914 1
102937 71,68,64 103045 0
102937 47 103154 1
103057 70 103165 0
103177 71,68,64 103394 0
103177 52 103610 1
103417 66 103634 0
103657 71,66 103874 0
103657 42 103874 1
103897 71,66 104005 0
103897 49 104114 1
104017 70 104125 0
104137 71 104245 0
104137 54 104570 1
104257 66 104365 0
104377 71 104485 0
104497 75 104605 0
104617 76 104834 0
104617 47 104834 1
104857 75 105074 0
104857 54 105074 1
105097 71 105314 0
105097 46 105314 1
105337 73 105554 0
105337 54 105554 1
105577 75,63 105794 0
105577 44 105794 1
105817 83,71 106274 0
105817 51 106034 1
106057 56 106274 1
106297 82,70 106777 0
106297 40 106777 1
106777 78,66 106994 0
106777 47 106994 1
107017 52 107450 1
107137 76 107245 0
107257 75 107365 0
107377 73 107485 0
107497 71 107714 0
107497 42 107714 1
107737 73 107845 0
107737 49 107954 1
107857 75 108097 0
107977 54 108194 1
108097 76 108205 0
108217 75,71 108937 0
108217 47 108937 1
108937 74,72,68,65 109370 0
108937 46,34 109370 1
109370 84,81,76 109587 0
109370 45,33 109610 1
109610 84,81,76 109718 0
109730 83 109838 0
109850 84,81,76 110067 0
110090 91,79 110307 0
110330 84,81,77 110547 0
110330 41,29 110570 1
110570 84,81,77 110678 0
110690 83 110798 0
110810 84,81,77 111027 0
111050 79 111267 0
111290 84,79 111507 0
111290 43,31 111410 1
111530 84,79 111638 0
111650 83 111758 0
111770 84 111878 0
111890 79 111998 0
112010 84 112118 0
112010 43,31 112130 1
112130 86 112238 0
112250 88,84,79 112467 0
112250 48,36 112683 1
112490 88 112598 0
112610 89 112718 0
112730 88,83 112838 0
112730 47,35 113163 1
112850 86 112958 0
112970 84 113078 0
113090 83 113198 0
113210 84,81,76 113427 0
113210 45,33 113450 1
113450 84,81,76 113558 0
113570 83 113678 0
113690 84,81,76 113907 0
113930 91,79 114147 0
114170 84,81,77 114387 0
114170 41,29 114410 1
114410 84,81,77 114518 0
114530 83 114638 0
114650 84,81,77 114867 0
114890 79 115107 0
115130 83,79 115347 0
115130 43,31 115310 1
115370 84,81 115587 0
115490 43,31 115550 1
115610 86,83 115827 0
115850 88,84,79 116210 0
115850 48,36 116570 1
116210 79 116318 0
116330 84 116438 0
116450 88 116558 0
116570 86 116678 0
116570 47,35 117003 1
116690 79 116798 0
116810 83 116918 0
116930 86 117038 0
117050 84,81,76 117267 0
117050 45 117916 1
117290 84,81,76 117398 0
117410 83 117518 0
117530 84,81,76 117747 0
117770 91,79 117987 0
118010 84,81,77 118227 0
118010 41 118876 1
118250 84,81,77 118358 0
118370 83 118478 0
118490 84,81,77 118707 0
118730 79 118947 0
118970 84,79 119187 0
118970 43 119187 1
119210 84,79 119318 0
119210 50 119427 1
119330 83 119438 0
119450 84 119558 0
119450 55 119883 1
119570 79 119678 0
119690 84 119798 0
119810 88 119918 0
119930 89 120147 0
119930 48 120147 1
120170 88 120387 0
120170 55 120387 1
120410 84 120627 0
120410 47 120627 1
120650 86 120867 0
120650 55 120867 1
120890 88,76 121106 0
120890 45 121107 1
121130 96,84 121238 0
121130 52 121347 1
121250 96,84 121490 0
121370 57 121587 1
121490 96,84 121598 0
121610 95,83 121826 0
121610 41 122090 1
121850 95,83 122066 0
122090 91,79 122198 0
122090 48 122307 1
122210 91,79 122450 0
122330 53 122763 1
122450 89,77 122558 0
122570 88,76 122678 0
122690 86,74 122798 0
122810 84,72 123026 0
122810 43 123027 1
123050 86,74 123158 0
123050 50 123267 1
123170 88,76 123410 0
123290 55 123507 1
123410 89,77 123518 0
123530 88,76 124250 0
123530 55,48 124250 1
124250 86,74 124682 0
124250 55,47 124683 1
124730 84,72 124947 0
124730 45 124838 1
124850 52 124958 1
124970 84,72 125078 0
124970 57 125078 1
125090 83,71 125198 0
125090 59 125198 1
125210 84,72 125427 0
125210 60 125318 1
125330 64 125438 1
125450 91,79 125667 0
125450 69 125666 1
125690 84,72 125907 0
125690 41 125798 1
125810 48 125918 1
125930 84,72 126038 0
125930 53 126038 1
126050 83,71 126158 0
126050 55 126158 1
126170 84,72 126387 0
126170 57 126278 1
126290 60 126398 1
126410 79,67 126627 0
126410 65 126626 1
126650 84,72 126867 0
126650 43 126758 1
126770 50 126878 1
126890 84,72 126998 0
126890 55 127538 1
127010 83,71 127118 0
127130 84,72 127238 0
127250 79,67 127358 0
127370 84,72 127478 0
127490 86,74 127598 0
127610 88,76 127827 0
127610 48 127718 1
127730 55 127838 1
127850 88,76 127958 0
127850 60 128066 1
127970 89,77 128078 0
128090 88,76 128198 0
128090 47 128198 1
128210 86,74 128318 0
128210 55 128318 1
128330 84,72 128438 0
128330 59 128546 1
128450 83,71 128558 0
128570 84,72 128787 0
128570 45 128678 1
128690 52 128798 1
128810 84,72 128918 0
128810 57 128918 1
128930 83,71 129038 0
128930 59 129038 1
129050 84,72 129267 0
129050 60 129158 1
129170 64 129278 1
129290 91,79 129507 0
129290 69 129506 1
129530 84,72 129747 0
129530 41 129638 1
129650 48 129758 1
129770 84,72 129878 0
129770 53 129878 1
129890 83,71 129998 0
129890 55 129998 1
130010 84,72 130227 0
130010 57 130118 1
130130 60 130238 1
130250 79,67 130467 0
130250 65 130466 1
130490 83,71 130706 0
130490 43 130598 1
130610 50 130718 1
130730 84,72 130946 0
130730 55 131378 1
130970 86,74 131186 0
131210 88,76 131426 0
131450 48 131558 1
131570 79,67 131678 0
131570 55 131678 1
131690 84,72 131798 0
131690 60 131906 1
131810 88,76 131918 0
131930 86,74 132038 0
131930 47 132038 1
132050 79,67 132158 0
132050 55 132158 1
132170 83,71 132278 0
132170 59 132386 1
132290 86,74 132398 0
132410 84,72 132627 0
132410 45 132518 1
132530 52 132638 1
132650 84,72 132758 0
132650 57 132758 1
132770 83,71 132878 0
132770 59 132878 1
132890 84,72 133107 0
132890 60 132998 1
133010 64 133118 1
133130 91,79 133347 0
133130 69 133346 1
133370 84,72 133587 0
133370 41 133478 1
133490 48 133598 1
133610 84,72 133718 0
133610 53 133718 1
133730 83,71 133838 0
133730 55 133838 1
133850 84,72 134067 0
133850 57 133958 1
133970 60 134078 1
134090 79,67 134307 0
134090 65 134306 1
134330 84,72 134547 0
134330 43 134438 1
134450 50 134558 1
134570 84,72 134678 0
134570 55 135218 1
134690 83,71 134798 0
134810 84,72 134918 0
134930 79,67 135038 0
135050 84,72 135158 0
135170 88,76 135278 0
135290 89,77 135507 0
135290 48 135398 1
135410 55 135518 1
135530 88,76 135746 0
135530 60 135746 1
135770 84,72 135986 0
135770 47 135878 1
135890 55 135998 1
136010 86,74 136226 0
136010 59 136226 1
136250 88,76 136466 0
136250 57,52,45 136682 1
136490 96,84 136598 0
136610 96,84 136850 0
136730 57,52 137054 1
136850 95,83 136958 0
136970 95,83 137186 0
137090 45 137198 1
137210 95,83 137426 0
137210 41 137642 1
137450 91,79 137558 0
137570 91,79 137810 0
137690 53,48 137906 1
137810 89,77 137918 0
137930 88,76 138038 0
137930 41 138146 1
138050 86,74 138158 0
138170 84,72 138386 0
138170 55,50,43 138602 1
138410 86,74 138518 0
138530 88,76 138770 0
138650 55,50 138866 1
138770 89,77 138878 0
138890 88,76 139370 0
138890 55,48 139610 1
139370 67 139478 0
139490 72 139598 0
139610 76 139718 0
139610 47,35 140042 1
139730 74 139838 0
139850 67 139958 0
139970 74 140078 0
140090 79 140198 0
140090 46,34 140523 1
140210 74 140318 0
140330 79 140438 0
140450 86 140558 0
140570 86 140678 0
140570 45,33 141003 1
140690 79 140798 0
140810 86 140918 0
140930 91 141038 0
141050 84 141104 0
141050 55,44 141890 1
141110 89 141164 0
141170 91 141224 0
141230 96 142010 0
142010 68 142090 0
142090 72 142170 0
142170 75 142250 0
142250 79 142330 0
142330 82 142410 0
142410 84 142490 0
142490 87 142598 0
142610 89 142718 0
142730 91 142838 0
142850 94 142958 0
142970 86,80,77 143402 0
142970 53 143834 1
143450 98 143463 0
143464 96 143477 0
143479 95 143492 0
143493 93 143506 0
143508 91 143521 0
143522 89 143535 0
143537 88 143550 0
143551 86 143564 0
143566 84 143579 0
143580 83 143593 0
143595 81 143608 0
143609 79 143622 0
143624 77 143637 0
143638 76 143651 0
143653 74 143666 0
143667 72 143680 0
143682 71 143695 0
143696 69 143709 0
143711 67 143724 0
143725 65 143738 0
143740 64 143753 0
143754 62 143767 0
143769 60 143782 0
143783 59 143796 0
143798 57 143811 0
143812 55 143825 0
143827 53 143840 0
143841 52 143854 0
143856 50 143869 0
143930 57,52,48 144254 0
143930 33 144038 1
144050 45 144158 1
144170 33 144278 1
144290 60,57,52 144650 0
144290 33 144398 1
144410 45 144518 1
144530 33 144638 1
144650 64,60,57 145010 0
144650 33 144758 1
144770 45 144878 1
144890 33 144998 1
145010 69,64,60 145334 0
145010 33 145118 1
145130 45 145238 1
145250 33 145358 1
145370 72,69,64 145587 0
145370 33 145478 1
145490 45 145598 1
145610 76,72,69 145827 0
145610 33 145718 1
145730 45 145838 1
145850 81,76,72 146174 0
145850 33 145958 1
145970 45 146078 1
146090 33 146198 1
146210 84,81,76 146570 0
146210 33 146318 1
146330 45 146438 1
146450 33 146558 1
146570 88,84,81 146930 0
146570 33 146678 1
146690 45 146798 1
146810 33 146918 1
146930 93,88,84 147254 0
146930 33 147038 1
147050 45 147158 1
147170 33 147278 1
147290 96,93,88 147507 0
147290 33 147398 1
147410 45 147518 1
147530 92,88,83 147746 0
147530 33 147638 1
147650 45 147758 1
147770 93,88,84,81 148203 0
147770 45,33 148203 1
148213 57,45 148373 1
148373 59,47 148533 1
148533 60,48 148693 1
148693 62,50 148801 1
148730 81,69 148890 0
148813 65,53 148921 1
148890 83,71 149050 0
148933 64,48 149041 1
149050 84,72 149210 0
149053 57,56,52,45,44 149161 1
149210 86,74 149318 0
149330 89,77 149438 0
149450 88,76 149558 0
149570 93,92,88,84,81,80 149678 0
149593 40 149605 1
149623 52,47,33 150085 1
150080 88,83 150122 0
150103 45,40 150997 1
150140 92,84,81 150602 0
150605 93,88 151514 0
