0 50 216 1
240 57 456 1
480 78,69 1656 0
480 62 696 1
720 64 936 1
960 66 1392 1
1440 69 1872 1
1680 81,0 1896 0
1920 73 2784 0
1920 55 2136 1
2160 62 2376 1
2400 67 2616 1
2640 69 2856 1
2880 74 3528 0
2880 71 3744 1
3600 76,67,0,0 4056 0
3840 50 4056 1
4080 78 4728 0
4080 57 4296 1
4320 62 4536 1
4560 64 4776 1
4800 81,74 5232 0
4800 66 5664 1
5520 86,0 5736 0
5760 85,76 6624 0
5760 55 5976 1
6000 62 6216 1
6240 69 6672 1
6720 83,74,0,0 7896 0
6720 67 7584 1
7680 40 7896 1
7920 79,71 8136 0
7920 52 8136 1
8160 79,71 8376 0
8160 55 8376 1
8400 79,78,73,71,0 8616 0
8400 62 8616 1
8640 45 8856 1
8880 55 9096 1
9120 57 9336 1
9360 83,81,76,73,0 9576 0
9360 64 9576 1
9600 42 9816 1
9840 81,73 10056 0
9840 54 10056 1
10080 81,73 10296 0
10080 64 10296 1
10320 79,78,75,73,71 10536 0
10320 61 10536 1
10560 47 10776 1
10800 57 11016 1
11040 59 11256 1
11280 81,74,71,71 11496 0
11280 66 11496 1
11520 40 11736 1
11760 79,71 11976 0
11760 52 11976 1
12000 79,71 12216 0
12000 55 12216 1
12240 78 12456 0
12240 62 12456 1
12480 74 13128 0
12480 59 12912 1
12960 55 13392 1
13200 71,0 13416 0
13440 69,67,64,57 14304 0
13440 55,45 15168 1
14310 93,88,81,73 15174 0
15178 50 15394 1
15418 57 15634 1
15600 69 15816 0
15658 62 15874 1
15840 74 16056 0
15898 64 16114 1
16080 81 16296 0
16138 66 17002 1
16320 81 16968 0
17040 81 17256 0
17098 43 17314 1
17280 81,0 17496 0
17338 50 17554 1
17520 83 17844 0
17578 55 17794 1
17818 57 18034 1
17880 79 18096 0
18058 62 18490 1
18120 78 18228 0
18240 79,0,0 19416 0
18538 67 18970 1
19018 45 19234 1
19258 52 19474 1
19440 76 19656 0
19498 57 19714 1
19680 76 19896 0
19738 59 19954 1
19920 78 20136 0
19978 61 20410 1
20160 79 20376 0
20400 85 20832 0
20458 64 20890 1
20880 79,76,76,69 21096 0
20938 50 21154 1
21178 57 21394 1
21418 62 21634 1
21480 81 21696 0
21658 66 21874 1
21720 78 21936 0
21898 49 22114 1
21960 76 22068 0
22080 78,0 22296 0
22138 57 22354 1
22320 69 22536 0
22378 61 22594 1
22560 76 22776 0
22618 64 22834 1
22800 73,0,0 23256 0
22858 47 23074 1
23098 54 23314 1
23280 74 23496 0
23338 59 23554 1
23520 74 23736 0
23578 61 23794 1
23760 76 23976 0
23818 62 24682 1
24000 78 24648 0
24720 81 24828 0
24778 44 24994 1
24840 86,0 24948 0
24960 85 25284 0
25018 52 25234 1
25258 56 25474 1
25320 86 25644 0
25498 59 25714 1
25680 83 25896 0
25738 64 26602 1
25920 95 26568 0
26640 74 26748 0
26698 57 26914 1
26760 76 26868 0
26880 78,0 27096 0
26938 62 27154 1
27120 74 27336 0
27178 66 27394 1
27360 81 27576 0
27418 69 28522 1
27600 78 27816 0
27840 86 28488 0
28560 78,78 28746 0
28618 45 28834 1
28746 79 28773 0
28773 78 28776 0
28800 76,0 29448 0
28858 55 29074 1
29098 57 29314 1
29338 66 29554 1
29520 74 29736 0
29578 64 30010 1
29760 73 30192 0
30058 62 30490 1
30240 71,0,0 30936 0
30500 50 30716 1
30740 57 30956 1
30960 69 31176 0
30980 62 31196 1
31200 74 31416 0
31220 64 31436 1
31440 81 31656 0
31460 66 32324 1
31680 81 32328 0
32400 81,0 32616 0
32420 43 32636 1
32640 81 32964 0
32660 50 32876 1
32900 55 33116 1
33000 83 33216 0
33140 57 33356 1
33240 79 33456 0
33380 59 33812 1
33480 78 33588 0
33600 79,0,0,0,0 34776 0
33860 62 34292 1
34340 45 34556 1
34580 52 34796 1
34800 76,0 35016 0
34820 59 35036 1
35040 76,0 35256 0
35060 61 35276 1
35280 78,0,0 35496 0
35300 64 35516 1
35520 79,0,0 35844 0
35540 67 35756 1
35780 69 36212 1
35880 85,0,0 36096 0
36120 76,74,69,0,0 36444 0
36260 50 36476 1
36450 79,0,0,0 36636 0
36500 57 36716 1
36740 62 36956 1
36840 81,0,0 37056 0
36980 66 37196 1
37080 78,0 37296 0
37220 57,45 37436 1
37320 78,76,73,69,0 37428 0
37460 62 37676 1
37680 76,70,69,66,0 37896 0
37700 58,46 38132 1
38142 47 38358 1
38160 73,0,0,0 38616 0
38382 54 38598 1
38622 59 38838 1
38640 74 38856 0
38862 61 39078 1
38880 74 39096 0
39102 62 39318 1
39120 76 39336 0
39342 66 39558 1
39360 78 39576 0
39582 71 40014 1
39600 74 39924 0
39960 81 40176 0
40062 56 40278 1
40200 86,85,80,76,0 40308 0
40302 64 40518 1
40542 68 40758 1
40680 86,76 41004 0
40782 71 41886 1
41040 95,88,83 41256 0
41982 57 42198 1
42000 74 42108 0
42120 76,0 42228 0
42222 66 42438 1
42240 78,74 42456 0
42462 69,64,57 42894 1
42480 81 42696 0
42720 81 42936 0
42912 67 43716 1
42960 78 43176 0
43200 76,73 43524 0
43560 74,66 43884 0
43902 50 44118 1
43920 73,64,0 44136 0
44142 57 44358 1
44160 73,64 44484 0
44382 62 44598 1
44520 74,66,0,0,0,0,0 45936 0
44622 64 44838 1
44862 66 45078 1
45102 62 45318 1
45342 57 45558 1
45582 54 45798 1
45822 50 46038 1
46062 57 46278 1
46080 64,60,0,0,0,0,0,0,0 46512 0
46302 60 46518 1
46542 57 46758 1
46560 66,62,0,0,0,0,0 46992 0
46782 60,57,50 46998 1
47022 57 47238 1
47040 67,64,0,0 47148 0
47160 66 47268 0
47262 60 47478 1
47280 67,0,0 47388 0
47400 69,0 47508 0
47502 57 47718 1
47520 71,0 47601 0
47610 72 47691 0
47700 74,0 47754 0
47728 43 47836 1
47760 76,0 47814 0
47820 78 47874 0
47848 50 47956 1
47880 79,0 47934 0
47940 81,0 47994 0
47968 55 48076 1
48000 83,0 48324 0
48088 59 48196 1
48208 62 48316 1
48328 67 48436 1
48360 83,74 48576 0
48448 66 48556 1
48568 59 48676 1
48600 83,74 48816 0
48688 45 48796 1
48808 52 48916 1
48840 78 48948 0
48928 57 49036 1
48960 76,73,0 49176 0
49048 59 49156 1
49168 61 49276 1
49200 76,73 49524 0
49288 64 49396 1
49408 67 49624 1
49560 78 49776 0
49648 42 49756 1
49768 54 49876 1
49800 81,79,76,73,0 49908 0
49888 57 49996 1
50008 61 50116 1
50128 64 50344 1
50160 81,73 50376 0
50368 69 50584 1
50400 81,73 50562 0
50580 73 50742 0
50608 47 50716 1
50728 54 50836 1
50760 76,0,0 50868 0
50848 59 50956 1
50880 74,69 51312 0
50968 61 51076 1
51088 62 51304 1
51328 66 51544 1
51360 73 51468 0
51480 74 51588 0
51568 40 51676 1
51600 78 51708 0
51688 52 51796 1
51720 81,81,74,0,0 51828 0
51808 55 51916 1
51928 59 52036 1
52048 62 52264 1
52080 79,71 52188 0
52200 79,71 52416 0
52288 67 52504 1
52440 74,71 52764 0
52528 45 52636 1
52648 52 52756 1
52768 55 52876 1
52800 72,0 53016 0
52888 57 52996 1
53008 64 53440 1
53040 83,79,73,73 53256 0
53488 38 53596 1
53608 45 53716 1
53640 81,81,78,73,0 53748 0
53728 50 53836 1
53848 54 53956 1
53968 57 54076 1
54088 61 54196 1
54120 69,64,62 54552 0
54208 62 54316 1
54328 66 54436 1
54448 69 54556 1
54568 73 55324 1
54600 81,76,0,0 54816 0
54840 88 54948 0
54960 93 55068 0
55080 90 55188 0
55200 86,78,74 55632 0
55408 43 55516 1
55528 50 55636 1
55648 55 55756 1
55650 83,0,0 55914 0
55768 59 55876 1
55888 62 55996 1
56008 67 56116 1
56040 83,74 56256 0
56128 66 56236 1
56248 62 56356 1
56280 83,74 56496 0
56368 45 56476 1
56488 52 56596 1
56520 83,74,0 56628 0
56608 57 56716 1
56640 83,74,0 56856 0
56728 59 56836 1
56848 61 56956 1
56880 85,76 57204 0
56968 64 57076 1
57088 67 57304 1
57240 85,76 57456 0
57328 42 57436 1
57448 49 57556 1
57480 83,74,0 57588 0
57568 54 57676 1
57600 81,73 57816 0
57688 57 57796 1
57808 46 57916 1
57840 81,73,0 58056 0
57928 54 58036 1
58048 58 58264 1
58080 73 58242 0
58260 78 58422 0
58288 47 58396 1
58408 54 58516 1
58440 88,88,78,0 58548 0
58528 59 58636 1
58590 78 58623 0
58635 86 58698 0
58648 61 58756 1
58768 62 58876 1
58800 85 58908 0
58888 66 58996 1
58920 86 59136 0
59008 69 59224 1
59160 78 59376 0
59248 40 59356 1
59368 52 59476 1
59400 81,81,74,71,0 59508 0
59488 55 59596 1
59608 59 59716 1
59728 62 59944 1
59760 83 59868 0
59880 74 60204 0
59968 67,47,43 60184 1
60208 50 60580 1
60240 74,71,71,67 60456 0
60688 44 60796 1
60720 76 60936 0
60808 52 60916 1
60928 56 61144 1
60960 78 61176 0
61168 45 61276 1
61200 79,79,76,74,74,71,69,0 61416 0
61288 57 61396 1
61408 62 61516 1
61422 81,0 61674 0
61528 64 61636 1
61648 69 63856 1
61800 76,74 62262 0
62310 93 62337 0
62340 88 62367 0
62370 86 62397 0
62400 81 62832 0
62880 74,69 63312 0
63360 73,64 63792 0
63840 71,62,0,0 64536 0
63866 50 64082 1
64106 57 64322 1
64346 62 64562 1
64560 69 64776 0
64586 64 64802 1
64800 74 65016 0
64826 66 65690 1
65040 81 65256 0
65280 81 65928 0
65786 55 66002 1
66000 81,0 66216 0
66026 62 66242 1
66240 81 66564 0
66266 67 66482 1
66506 69 66722 1
66600 83 66816 0
66746 71 67610 1
66840 79 67056 0
67080 78 67188 0
67200 79,0,0 68376 0
67706 45 67922 1
67946 52 68162 1
68186 57 68402 1
68400 76 68616 0
68426 59 68642 1
68640 76 68856 0
68666 61 68882 1
68880 78 69096 0
68906 67 69122 1
69120 79 69444 0
69146 64 69578 1
69480 85 69804 0
69626 50 69842 1
69840 79,76,76,69,0 70056 0
69866 57 70082 1
70106 62 70322 1
70346 66 70562 1
70440 81 70656 0
70586 45 70694 1
70680 78 70896 0
70706 57 70814 1
70826 61 71042 1
70920 78,76,73,69 71028 0
71066 46 71174 1
71186 54 71294 1
71280 76,70,69,66,0 71496 0
71306 58 71522 1
71546 47 71654 1
71666 54 71774 1
71760 73,0,0 72216 0
71786 59 71894 1
71906 61 72014 1
72026 62 72134 1
72146 66 72254 1
72240 74 72456 0
72266 71 72374 1
72386 73 72494 1
72480 74 72696 0
72506 74 73370 1
72720 76 72936 0
72960 78 73284 0
73320 74 73644 0
73466 56 73682 1
73680 81 73788 0
73706 64 73922 1
73800 86,85,76 73908 0
73946 68 74162 1
74160 86 74592 0
74186 71 75290 1
74640 95,88,83 74856 0
75386 66,57 76250 1
75600 74 75708 0
75720 76,0 75828 0
75840 78,0 76056 0
76080 81 76296 0
76320 81 76536 0
76346 67,57 76562 1
76560 74,0 76776 0
76586 64 76802 1
76800 76 77178 0
76826 67 77258 1
77220 74 77247 0
77250 76 77277 0
77258 46 77366 1
77280 74 77496 0
77378 53 77486 1
77498 58 77606 1
77520 73,0 77736 0
77618 60 77846 1
77736 74,65,0 78060 0
77858 62 77966 1
77978 62 78086 1
78096 65 78648 0
78098 65 78206 1
78218 48 78326 1
78338 55 78446 1
78458 60 78566 1
78578 64 78686 1
78696 64 79020 0
78698 67 78914 1
78938 64 79154 1
79056 72 79272 0
79154 50,38 79262 1
79274 50 79382 1
79296 67 79350 0
79356 72 79518 0
79394 57 79502 1
79514 62 79622 1
79536 67 79590 0
79596 72,0 79650 0
79634 64 79742 1
79656 64 79980 0
79754 66 79862 1
79874 69 79982 1
79994 74 80102 1
80016 69,66,64 80232 0
80114 76 80222 1
80234 78 80342 1
80354 86 80462 1
80376 81,74 80700 0
80474 81,76 80582 1
80594 81 80702 1
80714 78 80822 1
80736 93,90 81492 0
80834 76 80942 1
80954 74 81062 1
81062 46 81170 1
81182 53 81290 1
81302 58 81410 1
81422 62 81530 1
81542 65 81974 1
81576 74,65 81900 0
81936 74,65 82152 0
82022 48 82130 1
82142 55 82250 1
82176 70 82284 0
82262 60 82370 1
82296 74 82404 0
82382 64 82490 1
82416 77 82524 0
82502 67 82934 1
82536 76,0,0 82860 0
82896 79,76 83220 0
82934 50,38 83042 1
83054 50 83162 1
83174 52 83282 1
83256 79,76,0 83472 0
83294 57 83402 1
83414 62 83522 1
83477 79,76 83801 0
83534 64 83642 1
83654 66 83762 1
83774 69 83882 1
83837 81,78,74 84269 0
83894 74 84002 1
84014 78 84122 1
84134 76 84242 1
84254 78 84362 1
84317 81,74 84533 0
84374 78 84806 1
84557 86,81 84665 0
84677 86,81 84893 0
84806 46 84914 1
84917 86,81 85025 0
84926 53 85034 1
85037 90 85145 0
85046 58 85154 1
85157 93 85373 0
85166 62 85274 1
85286 65 85718 1
85378 81,77,74,0 85702 0
85738 81,77,74 86062 0
85766 48 85874 1
85886 55 85994 1
86006 60 86114 1
86098 81,77,74 86314 0
86126 64 86234 1
86246 67 86678 1
86338 79,76,72 86662 0
86678 50,38 86786 1
86698 88,84,79 87022 0
86798 50 86906 1
86918 57 87026 1
87038 62 87146 1
87058 84,79,76 87274 0
87158 64 87266 1
87274 79,74,0,0 87598 0
87278 66 87386 1
87398 69,67 87506 1
87518 74 87854 1
87634 81,74 87958 0
87878 66 88094 1
87994 81,79,78 88210 0
88118 62 88226 1
88234 78,74,0,0,0,0,0 89098 0
88238 57 88346 1
88358 54 88466 1
88478 50 88586 1
88598 45 88814 1
88838 52 89054 1
89078 55 89294 1
89194 64,60,57,0,0,0,0,0,0,0 89626 0
89318 52 89534 1
89558 38 89774 1
89674 67,62,0,0,0,0,0 90106 0
89798 45 90014 1
90038 50 90254 1
90154 67,64,0,0 90262 0
90274 64,60 90382 0
90278 60 90494 1
90394 66,62,0,0 90502 0
90504 43 90612 1
90514 67,64,0 90622 0
90624 50 90732 1
90634 69,0 90688 0
90694 71 90748 0
90744 55 90852 1
90754 72 90808 0
90814 74,0 90868 0
90864 59 90972 1
90874 76,0 90928 0
90934 78 90988 0
90984 62 91200 1
90994 79,0 91048 0
91054 81,0 91108 0
91114 83,0 91438 0
91224 67 91440 1
91464 45 91572 1
91474 83,78,74 91690 0
91584 52 91692 1
91704 57 91812 1
91714 83,74 91930 0
91824 61 91932 1
91944 64 92160 1
91954 78,0 92062 0
92074 76,73,69 92398 0
92184 69 92400 1
92424 42 92532 1
92434 76,73,69 92650 0
92544 54 92652 1
92664 57 92772 1
92674 78 92890 0
92784 61 92892 1
92904 64 93336 1
92914 81,79,76,73,0 93022 0
93274 81,73 93490 0
93384 47 93492 1
93504 54 93612 1
93514 81,73 93622 0
93624 57 93732 1
93694 73,69 93802 0
93744 59 93852 1
93864 66 94080 1
93874 76,0 93982 0
93994 74 94426 0
94104 69 94320 1
94344 40 94452 1
94464 52 94572 1
94474 73 94582 0
94584 55 94692 1
94594 74 94702 0
94704 59 94812 1
94714 78 94822 0
94824 62 95040 1
94834 81,81,74,71 94942 0
95064 59 95280 1
95194 79,71 95302 0
95304 45 95412 1
95314 79,71 95530 0
95424 52 95532 1
95544 55 95652 1
95554 74 95878 0
95664 57 95772 1
95784 55 95892 1
95904 57 96012 1
95914 72,0 96130 0
96024 64 96240 1
96154 83,78,74,73 96370 0
96264 38 96372 1
96384 50 96492 1
96504 54 96612 1
96624 57 96732 1
96744 61 96852 1
96754 81,81,78,73,0 96862 0
96864 62 96972 1
96984 66 97092 1
97104 69 97212 1
97224 73 97332 1
97234 69,64 97450 0
97344 74 97452 1
97464 78 97572 1
97474 81,78,76 97690 0
97584 81 97692 1
97704 57 97724 1
97714 93,86,0,0 97930 0
97726 59 97746 1
97748 61 97768 1
97770 62 97790 1
97792 64 97812 1
97814 66 97834 1
97836 67 97856 1
97858 69 97878 1
97880 71 97900 1
97902 73 97922 1
97924 74 97944 1
97946 76 97966 1
97954 100 98062 0
97968 78 97988 1
97990 79 98010 1
98012 81 98032 1
98034 83 98054 1
98056 81 98076 1
98074 105 98182 0
98086 43 98194 1
98194 102 98302 0
98206 50 98314 1
98314 100,78,74 98746 0
98326 55 98434 1
98446 59 98554 1
98566 62 98782 1
98764 83,0,0 98920 0
98806 67 99022 1
99046 45 99154 1
99154 83,78,74 99370 0
99166 52 99274 1
99286 57 99394 1
99394 83,74 99610 0
99406 61 99514 1
99526 64 99742 1
99634 83,78,0 99742 0
99754 83,76 99970 0
99766 69 99982 1
99994 85,76 100318 0
100006 42 100114 1
100126 54 100234 1
100246 57 100354 1
100354 85,76 100570 0
100366 61 100474 1
100486 46 100594 1
100594 83,81,76,74,73,0 100702 0
100606 54 100714 1
100726 58 100834 1
100846 61 100954 1
100954 81,76,73 101170 0
100966 47 101074 1
101086 54 101194 1
101194 73 101356 0
101206 59 101314 1
101326 61 101434 1
101374 78 101536 0
101446 62 101554 1
101554 88,88,83,78,0 101662 0
101566 66 101674 1
101686 71 101902 1
101794 86 101902 0
101914 85 102022 0
101926 40 102034 1
102034 86 102250 0
102046 52 102154 1
102166 55 102274 1
102274 78 102490 0
102286 59 102394 1
102406 62 102838 1
102514 81,81,74,71,0,0 102622 0
102874 83 102982 0
102886 43 102994 1
102994 74 103318 0
103006 50 103114 1
103126 55 103342 1
103354 74,71,71,67,0 103570 0
103366 56,44 103474 1
103486 59 103594 1
103606 62 103822 1
103834 78,76,76,0 104050 0
103846 57,45 103954 1
103966 57 104074 1
104086 62 104194 1
104206 64 104314 1
104314 79,76,74,69,0 104530 0
104326 69 104542 1
104531 81,0 104788 0
104566 74 104674 1
104686 76 104794 1
104806 81 105022 1
104914 81,76,74 105130 0
105046 88 105262 1
105154 81 105262 0
105274 86 105382 0
105286 95 105718 1
105394 88,0 105502 0
105514 93,88,86 105622 0
105634 95 105742 0
105728 50 105944 1
105754 98 105862 0
105874 100 105982 0
105968 57 106184 1
105994 105 106426 0
106208 62 106424 1
106448 64 106664 1
106688 66 107552 1
106714 69 106930 0
106954 74 107170 0
107194 81 107410 0
107434 81 108082 0
107648 55 107864 1
107888 62 108104 1
108128 67 108344 1
108154 81 108370 0
108368 69 108584 1
108394 81,0 108718 0
108608 71 109472 1
108754 83 108970 0
108994 79 109210 0
109234 78 109342 0
109354 79,0,0 110530 0
109568 45 109784 1
109808 52 110024 1
110048 57 110264 1
110288 59 110504 1
110528 61 110960 1
110554 76 110770 0
110794 76 111010 0
111008 67 111440 1
111034 78 111250 0
111274 79 111598 0
111488 50 111704 1
111634 85 111958 0
111728 57 111944 1
111968 62 112184 1
111994 79,76,76,69 112210 0
112208 66 112424 1
112448 57,45 112664 1
112594 81 112810 0
112688 57 112904 1
112834 78 113050 0
112928 58,46 113144 1
113074 78,76,73,69 113182 0
113168 54 113384 1
113408 47 113624 1
113434 76,70,69,66,0 113650 0
113648 54 113864 1
113888 59 114104 1
113914 73,0,0 114370 0
114128 61 114344 1
114368 62 114584 1
114394 74 114610 0
114608 66 114824 1
114634 74 114850 0
114848 71 115280 1
114874 76 115090 0
115114 78 115438 0
115328 44 115544 1
115474 74 115690 0
115568 56 115784 1
115714 81 115930 0
115808 59 116024 1
115954 86,0,0 116062 0
116048 68 116264 1
116074 85,76 116290 0
116288 64 117152 1
116314 86 116746 0
116794 95,88,83,76 117010 0
117162 69,57 117378 1
117402 66 117618 1
117642 69 118074 1
117754 74 117862 0
117874 76 117982 0
117994 78,74,0 118210 0
118122 67,57 118338 1
118234 81 118450 0
118362 64 118578 1
118474 81 118690 0
118602 67 119034 1
118714 76,74,73,69,0 118930 0
119082 59 119298 1
119314 74 119638 0
119322 66 119538 1
119562 71 119778 1
119674 73 119890 0
119802 66 120018 1
119914 74 120778 0
120042 57 120258 1
120282 66 120498 1
120522 69 120954 1
120820 73,0 120847 0
120847 74 120874 0
120874 73 121306 0
121002 56 121218 1
121242 64 121458 1
121354 78 121786 0
121482 68 122778 1
121834 76,71,68,0 122698 0
122704 95,88,83,0,0 123352 0
122788 67 123004 1
123028 74 123244 1
123268 81 123700 1
123514 86 123622 0
123634 90,88,86,83 123742 0
123748 69 123964 1
123988 76 124204 1
123994 93 124210 0
124228 79 124660 1
124234 93 124450 0
124474 86 124690 0
124708 47 124816 1
124714 88,86,81,0 125146 0
124828 59 124936 1
124948 62 125056 1
125068 66 125176 1
125167 88 125194 0
125188 71 125296 1
125194 86 125410 0
125308 66 125416 1
125428 62 125536 1
125434 85,0 125650 0
125548 61 125656 1
125668 57,45 125776 1
125674 86 126538 0
125788 61 125896 1
125908 62 126016 1
126028 66 126136 1
126148 71 126256 1
126268 66 126376 1
126388 62 126496 1
126508 61 126616 1
126628 55,43 126844 1
126634 85 127282 0
126868 62 127084 1
127108 67 127324 1
127348 71 127564 1
127354 74 127462 0
127474 78,76,74,71,0 127582 0
127588 57,45 128452 1
127834 81 128050 0
128074 81 128290 0
128314 74,0 128530 0
128548 50 128764 1
128554 76,74,67 128986 0
128788 57 129004 1
129007 76 129034 0
129028 62 129244 1
129034 74 129250 0
129268 64 129484 1
129274 73,0 129490 0
129508 66 129670 1
129514 69,62,0,0 129730 0
129688 69 129850 1
129754 66,0,0 129970 0
129868 74 130030 1
129994 76,74,69,0,0 130210 0
130048 76 130210 1
130228 78 130444 1
130234 74,0 130450 0
130468 81 130684 1
130474 81,74 130636 0
130654 78 130816 0
130708 86,81 130924 1
130834 81 130996 0
130948 88,86 131380 1
131014 86,78 131176 0
131194 93,86,0 131410 0
131428 50,45,38 132292 1
131434 90,0 131650 0
131674 100,98,0,0 131890 0
131914 98,90,0,0,0 132346 0
132388 38,26 134116 1
132394 69,66,61,0,0,0,0 133258 0
133264 81,78,73,0,0,0,0,0,0,0,0,0,0 134992 0
