1200 84 1308 0
1320 86 1428 0
1440 88 1656 0
1440 72,65 2088 1
1680 81 1896 0
1920 88 2136 0
2160 86 2484 0
2160 74,71,64 2808 1
2520 83 2628 0
2640 79 2856 0
2880 84 4248 0
2880 62 3096 1
3120 69 3336 1
3360 84,77,76,72 3576 1
4320 91 5472 0
5520 72 5628 0
5640 74 5748 0
5760 76 5976 0
5760 60,57,50 6408 1
6000 69 6216 0
6240 76 6456 0
6480 74 6804 0
6480 62,59,52 7128 1
6840 71 6948 0
6960 67 7176 0
7200 67,60 9792 0
7200 57,53 7848 1
7920 76,69,67 10008 1
9840 84 9948 0
9960 86 10008 0
10080 88 10296 0
10080 65 10728 1
10320 81 10536 0
10560 88 10776 0
10800 86 11124 0
10800 64 11016 1
11040 71 11472 1
11160 79 11268 0
11280 86 11496 0
11520 84 11844 0
11520 62 11736 1
11760 69 12192 1
11880 77 11988 0
12000 81 12108 0
12120 84 12228 0
12240 83 12456 0
12240 60 12672 1
12480 76 12696 0
12720 79 12936 0
12720 67 12936 1
12960 81 13284 0
12960 58 13176 1
13200 65 13416 1
13320 82 13360 0
13360 81 13400 0
13400 79 13440 0
13440 81 14112 0
13440 67 13656 1
13680 70 15768 1
14160 72 14376 0
14400 81,74 14832 0
14880 84 15096 0
15120 93,86 15768 0
15840 65,58 16164 0
15840 43 16056 1
16080 50 16512 1
16200 55 16308 0
16320 58 16428 0
16440 65 16548 0
16560 64,60 16776 0
16560 45 16884 1
16800 60 17016 0
16920 52 17244 1
17040 55 17256 0
17280 62 18648 0
17280 57,53,46 18648 1
18648 62,57,53 19080 0
18648 38 18864 1
18888 45 19104 1
19128 64 19344 0
19128 50 19560 1
19368 65,62,60 19584 0
19608 67 19987 0
19608 40 19824 1
19848 52 20064 1
20088 69 20304 0
20088 55 20520 1
20328 70,69,65 20544 0
20568 72 20947 0
20568 41 20784 1
20808 48 21024 1
21048 72 21264 0
21048 53 21480 1
21288 70,62,60 21504 0
21528 69 22123 0
21528 42 21744 1
21768 48 21984 1
22008 54 22440 1
22248 72 22464 0
22488 70,65 22920 0
22488 43 22704 1
22728 50 22944 1
22968 70 23184 0
22968 55 23400 1
23208 69 23424 0
23448 67,64 23664 0
23448 48 23772 1
23688 60 23904 0
23808 55 23916 1
23928 72 24144 0
23928 60 24360 1
24168 70,64,60 24384 0
24408 69 24571 0
24408 45 24624 1
24648 70 24864 0
24648 52 24864 1
24888 69 25104 0
24888 55 25320 1
25128 64 25344 0
25368 65,64,62 26016 0
25368 60,50 26232 1
26088 65 26196 0
26208 67 26316 0
26328 69,62 26760 0
26328 47 26544 1
26568 53 26784 1
26808 62 27024 0
26808 57 28104 1
27048 69 27264 0
27288 69 27720 0
27768 67 27984 0
28008 65,62,59 28224 0
28248 67 28411 0
28248 57,45 29112 1
28488 59 28704 0
28728 62 28944 0
28968 67 29184 0
29208 69,64,61 30072 0
29208 33 30072 1
30168 62,57,53 30600 0
30168 38 30384 1
30408 45 30624 1
30648 64,55 30864 0
30648 50 31080 1
30888 65,62,60,57 31104 0
31128 67 31507 0
31128 40 31344 1
31368 52 31584 1
31608 69 31824 0
31608 55 32040 1
31848 70,69,65 32064 0
32088 72 32359 0
32088 41 32304 1
32328 48 32544 1
32448 74 32556 0
32568 72 32784 0
32568 53 33000 1
32808 70,62,60 33024 0
33048 69 33103 0
33048 42 33480 1
33168 60 33276 0
33288 62 33396 0
33408 69 33744 0
33528 54 33960 1
33768 72,65,62 33984 0
34008 70 34279 0
34008 43 34224 1
34248 50 34464 1
34368 72 34476 0
34488 70 34514 0
34488 55 34920 1
34515 72 34541 0
34542 70 34703 0
34728 69 34944 0
34968 67,64 35184 0
34968 48 35292 1
35208 60 35424 0
35328 55 35436 1
35448 74 35664 0
35448 60 35880 1
35688 72,67,64 35904 0
35928 72 36091 0
35928 45 36360 1
36168 70 36194 0
36195 72 36221 0
36222 70 36383 0
36408 69 36624 0
36408 52 36624 1
36648 67,62,60 36864 0
36648 55 36864 1
36888 66 37483 0
36888 50 37320 1
37368 57 37800 1
37608 62 37716 0
37728 60 37836 0
37848 58 38064 0
37848 43 38172 1
38088 57 38304 0
38208 50 38316 1
38328 58 38544 0
38328 55 39240 1
38568 62 38784 0
38808 69 39024 0
39048 67 39264 0
39288 62 39504 0
39288 55 39504 1
39528 65 39744 0
39528 43 39744 1
39768 69,64,62,0,0,0,0 40200 0
39768 57,45 39984 1
40008 57 40116 1
40128 62 40236 1
40248 69,64,62,0,0 40464 0
40248 57 40464 1
40488 70,62,0 40596 0
40488 52 40704 1
40608 69,64,61,0,0,0 41160 0
40728 45 40836 1
40848 52 40956 1
40968 57 41076 1
41088 59 41196 1
41208 81,69 41424 0
41208 61 41640 1
41448 82,70 41664 0
41688 84,72 41796 0
41688 46,34 41796 1
41808 62 41916 0
41808 53 41916 1
41928 65 42036 0
41928 58 42144 1
42048 72 42156 0
42168 62 42276 0
42168 53 42384 1
42288 65 42396 0
42408 72 42516 0
42408 46 42624 1
42528 62 42636 0
42648 72,67,61 42864 0
42648 57,45 43080 1
42888 70,60,58 43104 0
43128 69 43291 0
43128 57,49 43560 1
43368 64 43584 0
43608 67,64,60 43824 0
43608 50 43824 1
43848 65 43956 0
43848 57 44064 1
43968 69 44520 0
44088 62 44304 1
44328 50 44544 1
44568 69,60 45000 0
44568 48 44784 1
44808 57 44916 1
44928 60 45036 1
45048 81,69 45264 0
45048 60 45264 1
45288 82,70 45504 0
45288 48 45504 1
45528 84,72 45636 0
45528 46,34 45636 1
45648 62 45756 0
45648 58 45756 1
45768 65 45876 0
45768 53 45876 1
45888 72 45996 0
45888 46 45996 1
46008 62 46116 0
46008 53 46224 1
46128 65 46236 0
46248 72 46356 0
46248 46 46464 1
46368 62 46476 0
46488 72,61 46704 0
46488 55,45 46920 1
46728 70 46944 0
46968 69,64 47184 0
46968 57,55,49 47400 1
47208 76,76,69,65 47424 0
47448 50 47664 1
47688 74 47796 0
47688 57 47796 1
47808 77 49104 0
47808 62 47916 1
47928 64 48036 1
48048 65 48156 1
48168 69 48276 1
48288 76 48396 1
48408 81 48516 1
48528 77 48636 1
48648 76 48756 1
48768 74 48876 1
48888 69 49320 1
49128 74 49236 0
49248 77,76,74,69 49356 0
49368 47 49476 1
49488 53 49596 1
49608 57 49716 1
49728 59 49836 1
49848 62 49956 1
49968 65 50076 1
50088 74 50196 0
50088 69 50304 1
50208 76 50316 0
50328 77,68 50544 0
50328 40 50436 1
50448 47 50556 1
50568 76 50784 0
50568 52 50676 1
50688 56 50796 1
50808 76,71 51024 0
50808 59 50916 1
50928 64 51036 1
51048 74,74,70,64 51264 0
51048 68 51264 1
51288 45 51396 1
51408 52 51516 1
51528 72 51636 0
51528 57 51636 1
51648 72 51984 0
51648 59 51756 1
51768 60 51876 1
51888 64 52212 1
52008 72 52116 0
52128 75,74,69,66 52236 0
52248 38 52356 1
52368 45 52476 1
52488 74 52704 0
52488 50 52596 1
52608 54 52716 1
52728 78 52944 0
52728 57 52836 1
52848 62 53172 1
52968 81 53184 0
53182 53,50,43 53614 1
53208 72,65,60 53424 0
53448 70 53556 0
53568 69 53640 0
53662 53,50,43 54094 1
53688 70,60 54120 0
54142 53,50,43 54574 1
54168 84,77 54384 0
54408 82 54516 0
54528 81 54636 0
54622 53,50,43 55054 1
54648 82 55080 0
55102 53,50,43 55534 1
55128 72,65,60,0,0 55344 0
55368 70 55476 0
55488 69 55560 0
55582 53,50,43 56014 1
55608 70,60,0,0 56040 0
56062 53,50,43 56386 1
56328 70,58,0 56544 0
56422 53,50 56650 1
56568 74,62 56784 0
56662 43 56878 1
56808 77,65 57024 0
56902 31 57010 1
57022 36 57130 1
57048 81,77,74,70 57696 0
57142 43 57250 1
57262 48 57370 1
57382 50 57490 1
57502 52 57610 1
57622 55 57730 1
57742 60 57850 1
57768 79,74,70 57984 0
57862 62 57970 1
57982 64 58090 1
58008 79,74,70 58872 0
58102 62 58210 1
58222 60 58330 1
58342 55 58450 1
58462 52 58570 1
58582 48 58690 1
58702 43 58810 1
58822 38 58930 1
58942 36 59050 1
58968 65,62,58 59400 0
59062 43 59170 1
59182 48 59290 1
59302 50 59410 1
59422 52 59530 1
59448 64,60,55 59880 0
59542 50 59650 1
59662 48 59770 1
59782 43 59890 1
59902 36 60010 1
59928 65,62,58 60144 0
60022 43 60130 1
60142 48 60250 1
60168 72 60384 0
60262 50 60370 1
60382 55 60490 1
60408 84,72 60624 0
60502 60 60610 1
60622 62 60730 1
60648 82,70 60864 0
60742 67 60850 1
60862 41 61078 1
60888 81,69,69,65,64,60 61644 0
61102 48 61318 1
61342 53 61558 1
61582 48 61798 1
61728 69 61800 0
61822 55,45 62254 1
61848 69,61 62064 0
62088 70,61,59 62304 0
62302 57,49 62734 1
62308 69,64 62485 0
62568 64 62784 0
62782 50 62998 1
62808 67,64,62 63240 0
63022 57 63238 1
63262 62 63478 1
63288 65 63504 0
63502 57 63718 1
63528 64 63636 0
63648 65,63,60 63984 0
63742 48 64066 1
64008 65 64224 0
64102 48 64210 1
64222 60 64438 1
64248 69 64464 0
64462 55 64678 1
64488 70,65,62 64704 0
64702 46 64918 1
64728 72,65,62,60 65431 0
64942 53 65158 1
65182 58 65398 1
65422 46 65638 1
65568 72 65640 0
65662 55,45 66094 1
65688 70,61 65904 0
65928 69 66144 0
66142 57,49 66574 1
66168 67,64,59 66384 0
66408 65 66516 0
66528 69 66636 0
66622 50 66838 1
66648 69,65,64 67080 0
66862 57 67078 1
67102 62 67318 1
67128 65,64 67560 0
67342 57 67558 1
67582 48 67906 1
67608 69,65,63 67824 0
67848 65 68064 0
67942 48 68050 1
68062 60 68278 1
68088 69 68304 0
68302 55 68518 1
68328 70,65,62 68544 0
68542 46 68758 1
68568 72,65,62,60 69271 0
68782 53 68998 1
69022 58 69238 1
69262 53 69478 1
69408 72 69480 0
69502 55,45 69826 1
69528 70,61 69744 0
69768 69 69984 0
69862 52 69970 1
69982 57,49 70414 1
70008 67,64 70224 0
70248 69 70464 0
70462 50 70786 1
70488 67,64 70704 0
70728 65 70944 0
70822 57 70930 1
70942 62 71158 1
70968 64 71184 0
71182 57 71398 1
71208 69,65,65 71424 0
71422 47 71638 1
71448 74 72043 0
71662 53 71878 1
71902 57 72118 1
72142 53 72358 1
72168 62 72276 0
72288 64 72396 0
72382 43 72598 1
72408 65,62,58 73056 0
72622 50 72838 1
72862 55 73078 1
73102 50 73318 1
73128 62 73236 0
73248 64 73356 0
73342 40 73666 1
73368 65,62,58 73584 0
73608 58 73824 0
73702 40 74038 1
73848 62 74064 0
74062 40 74278 1
74088 69 74304 0
74287 45 74313 1
74328 67,62,59 74760 0
74337 52 74403 1
74427 57 74433 1
74457 52 74603 1
74627 48,36 74821 1
74808 67,62,59 75024 0
74851 48 74889 1
74901 58 75225 1
75048 69 75264 0
75261 55 75369 1
75288 69,65,62,59 75504 0
75381 41 75597 1
75528 60 75744 0
75621 48 75837 1
75768 84,72 75984 0
75861 53 76077 1
76008 82,70 76224 0
76101 48 76317 1
76248 81,69,69,65,64,60 77004 0
76341 55,45 76773 1
76821 57,49 77253 1
77088 69 77160 0
77208 69,61 77424 0
77301 50 77517 1
77448 70,64,59 77664 0
77541 57 77757 1
77688 69 77851 0
77781 62 77997 1
77928 64,64,62 78144 0
78021 57 78237 1
78168 67 78547 0
78261 48 78585 1
78621 48 78729 1
78648 65 78864 0
78741 60 78957 1
78888 64 78996 0
78981 55 79197 1
79008 65,63,60 79344 0
79221 46 79437 1
79368 65 79584 0
79461 53 79677 1
79608 69 79824 0
79701 58 79917 1
79848 70,65,62 80064 0
79941 46 80157 1
80088 72,65,62,60 80791 0
80181 55,45 80613 1
80661 57,49 81093 1
80928 72 81000 0
81048 70,61 81264 0
81141 50 81357 1
81288 69 81504 0
81381 57 81597 1
81528 67,64,61 81744 0
81621 62 81837 1
81768 70 81984 0
81861 57 82077 1
82008 69,65,64 82440 0
82101 48 82425 1
82461 48 82569 1
82488 65,64 82920 0
82581 60 82797 1
82821 55 83037 1
82968 69,65,63 83184 0
83061 46 83277 1
83208 65 83424 0
83301 53 83517 1
83448 69 83664 0
83541 58 83757 1
83688 70,65,62 83904 0
83781 46 83997 1
83928 72 84631 0
84021 46 84345 1
84381 46 84489 1
84501 58 84717 1
84741 46 84957 1
84768 72 84876 0
84888 70,61 85104 0
84981 55,45 85305 1
85128 69 85344 0
85341 52 85449 1
85368 67,61 85584 0
85461 55 85677 1
85608 70 85824 0
85701 52 85917 1
85848 69,64 86064 0
85941 60,57,50 86805 1
86088 72 86304 0
86328 76 86544 0
86568 77,67,65,0 87456 0
86901 43 87225 1
87261 50 87369 1
87381 55 87813 1
87528 65 87636 0
87648 67 87756 0
87768 69,65,62 87984 0
87861 58,48 88077 1
88008 70 88224 0
88101 55 88317 1
88248 62 88464 0
88341 55 88773 1
88488 65,62,60 88704 0
88728 69 89107 0
88821 41 89037 1
89061 48 89169 1
89181 53 89289 1
89208 67 89640 0
89301 53 89517 1
89541 48 89649 1
89661 53 89769 1
89688 65,60,57,55 90120 0
89779 41 89995 1
90019 48 90127 1
90139 53,43 90247 1
90168 65,60,57,55 90600 0
90379 53,45 90703 1
90648 65,60,57 90972 0
90739 46 91063 1
91008 65,62,58 91116 0
91099 53 91207 1
91219 60 91651 1
91248 65,60 91572 0
91608 65,62,60 91824 0
91699 41 91915 1
91848 64 92064 0
91939 48 92155 1
92088 65 92304 0
92179 53 92395 1
92328 67,65,60 92544 0
92419 48 92635 1
92568 69 92947 0
92659 43 92983 1
93019 50 93127 1
93048 60,58,57,55 93480 0
93139 48 93463 1
93489 69,65,62 93685 0
93499 55 93607 1
93619 41 93835 1
93768 67,62,58 93984 0
93859 48 94075 1
93988 69,65 94165 0
94099 53 94315 1
94248 70 94464 0
94339 48 94555 1
94488 72,67,65 94920 0
94579 45 94687 1
94699 52 94915 1
94939 57 95167 1
94968 69,65,60 95292 0
95179 49 95503 1
95328 72,0 95436 0
95448 73,0,0 95664 0
95539 38 95755 1
95688 74,0,0 95904 0
95779 45 95887 1
95899 50 96007 1
95928 76,0,0 96144 0
96019 53 96451 1
96168 77,72,69,69,0,0 96384 0
96461 47 96569 1
96581 55 96689 1
96701 59 96917 1
96888 77,69 97104 0
96941 62 97373 1
97128 76,67 97344 0
97368 74,67 97584 0
97421 48 97529 1
97541 55 97757 1
97608 76 97824 0
97781 60 97889 1
97848 77 98064 0
97901 49 98009 1
98021 57 98237 1
98088 79,76,74,72 98304 0
98261 61 98369 1
98379 50 98487 1
98499 57 98715 1
98568 81,69,0,0,0 98784 0
98739 62 99291 1
98808 81,69,0,0,0 99024 0
99048 79,67,0 99264 0
99288 77,65 99504 0
99339 48 99447 1
99459 57 99567 1
99528 76,64 99744 0
99579 60 99687 1
99699 64 100251 1
99768 77,65 99984 0
100008 84,72 100224 0
100248 84,72,72,69 101112 0
100299 46 100407 1
100419 53 100635 1
100659 58 101211 1
101208 77,65 101424 0
101259 45 101367 1
101379 53 101487 1
101448 76,64 101664 0
101499 57 101607 1
101619 60 101955 1
101688 77,65 101848 0
101848 86,74 102008 0
101979 53 102195 1
102008 88,76 102168 0
102168 84,72 102924 0
102219 45 102327 1
102339 52 102555 1
102579 57 102687 1
102699 59 102807 1
102819 61 103143 1
103008 84,72 103116 0
103128 85,73 103344 0
103179 50 103287 1
103299 57 103407 1
103368 86,74 103584 0
103419 62 103527 1
103539 65 103647 1
103608 88,76 103824 0
103659 69 103875 1
103848 81,69 104064 0
103899 48,36 104115 1
104088 91,79,0,0,0 104304 0
104139 47,47,35 104538 1
104328 89,77,0,0,0 104544 0
104542 50 104566 1
104568 89,77,0,0 104728 0
104570 53 104594 1
104598 57 104622 1
104626 59 104650 1
104654 62 104678 1
104682 65 104706 1
104710 69 104734 1
104728 91,79,0,0 104888 0
104739 59 104763 1
104767 62 104791 1
104795 65 104819 1
104823 69 104847 1
104851 71 104875 1
104879 74 104903 1
104888 93,81,0 105048 0
104907 77 104931 1
104935 81 104959 1
104964 71 104988 1
104992 74 105016 1
105020 77 105044 1
105048 98,86 106344 0
105048 81 105072 1
105076 83 105100 1
105104 86 105128 1
105132 89 105156 1
105160 93 105184 1
105189 83 105213 1
105217 86 105241 1
105245 89 105269 1
105273 93 105297 1
105301 95 105325 1
105329 98 105353 1
105357 101 105381 1
105385 105 105846 1
107019 70 107883 1
107208 86 107316 0
107328 88 107436 0
107833 89,88,86,81 108049 0
107979 69 108843 1
108168 88 108384 0
108408 86 108624 0
108648 84 108864 0
108888 84,79 108996 0
108939 65,55 109527 1
109008 81 109116 0
109128 79 109236 0
109248 77 109584 0
109539 65 109647 1
109608 74 109716 0
109659 64 109767 1
109728 76 109836 0
109779 62 109887 1
109848 77,70 110064 0
109899 65,60,57 110331 1
110088 76 110304 0
110328 77 110544 0
110379 62 110595 1
110568 79 110784 0
110619 64 110835 1
110808 81 110916 0
110859 46 111723 1
110928 82 111036 0
111048 81 111156 0
111168 77,74,69 111720 0
111742 77 111905 0
111819 55,45 112683 1
112008 76 112224 0
112248 74 112464 0
112488 72 112704 0
112728 72,65 112836 0
112779 43 112887 1
112848 69 112956 0
112899 50 113115 1
112968 67 113076 0
113088 65 113196 0
113139 55 113247 1
113208 60 113316 0
113259 45 113367 1
113328 57 113436 0
113379 53 113595 1
113448 55 113556 0
113568 53 113676 0
113619 55 113727 1
113688 65,62,58 113904 0
113739 46 113847 1
113859 53 114075 1
113928 62 114036 0
114048 64 114156 0
114099 58 114207 1
114168 65,60,57 114384 0
114219 58,48 114651 1
114408 62 114516 0
114528 64 114636 0
114648 65,60,58 114864 0
114699 50,38 118347 1
114888 70 115104 0
115128 69,62,60 115344 0
115368 64 115584 0
115608 69,66,64,62 116040 0
116088 64,62 116304 0
116328 69,64 116544 0
116568 76,66 116728 0
116728 80,71 116888 0
116888 81,73 117048 0
117048 88,80 117208 0
117208 92,83 117368 0
117368 93,85 117528 0
117528 97,88 117744 0
117768 100,83 118704 0
118728 107,88 119376 0
